0 90 estaciones_meteo OBJECTID
1 8     4.62986645e-05
1 5     6.16293461e-05
2 9     4.47443769e-05
3 10     8.61747135e-05
3 19     4.24634073e-05
3 14     5.88873791e-05
3 17      4.3085528e-05
3 6     3.61483821e-05
4 21     3.85573339e-05
4 22     3.52522506e-05
4 13      5.0594938e-05
4 11      5.8926652e-05
4 8     5.00498946e-05
4 5     4.11019563e-05
5 21     4.21953908e-05
5 8     0.000185730944
5 4     4.11019563e-05
5 1     6.16293461e-05
6 10     3.76274289e-05
6 3     3.61483821e-05
6 25     3.74201358e-05
7 20     3.83597725e-05
7 24     4.01376797e-05
7 18     5.59989327e-05
7 16     7.47645478e-05
7 23     4.55062185e-05
7 12      0.00010436978
7 15     3.73972284e-05
8 21      5.1501806e-05
8 5     0.000185730944
8 4     5.00498946e-05
8 1     4.62986645e-05
9 20     4.72810258e-05
9 18     3.75966105e-05
9 12     3.35896736e-05
9 2     4.47443769e-05
10 29     4.12221679e-05
10 3     8.61747135e-05
10 19     8.37145288e-05
10 14     0.000128304206
10 17     6.86010776e-05
10 30     3.43216394e-05
10 6     3.76274289e-05
11 21      3.7537474e-05
11 33     3.56840847e-05
11 22     7.77766416e-05
11 27     3.51987041e-05
11 15     6.20786337e-05
11 13     0.000357383055
11 4      5.8926652e-05
12 34     3.60373498e-05
12 20     5.98913807e-05
12 24     6.17337134e-05
12 18     0.000120817889
12 16     0.000115890055
12 23     5.00800581e-05
12 9     3.35896736e-05
12 7      0.00010436978
13 21     3.58381438e-05
13 33     3.68386821e-05
13 22     9.22118768e-05
13 26     3.57582071e-05
13 27      3.8992778e-05
13 15     7.27870114e-05
13 11     0.000357383055
13 4      5.0594938e-05
14 29       4.394696e-05
14 10     0.000128304206
14 3     5.88873791e-05
14 19     9.62856861e-05
14 17     0.000146730564
14 30     4.42099366e-05
15 22     6.02670914e-05
15 16     3.90456185e-05
15 23     5.18946634e-05
15 26     5.22589955e-05
15 27     5.39433505e-05
15 7     3.73972284e-05
15 13     7.27870114e-05
15 11     6.20786337e-05
16 34     4.51509745e-05
16 20     4.95986311e-05
16 24      7.5458882e-05
16 18     8.79013498e-05
16 23     8.76458666e-05
16 26       4.368521e-05
16 27     3.81377855e-05
16 12     0.000115890055
16 7     7.47645478e-05
16 15     3.90456185e-05
17 29      4.4088201e-05
17 10     6.86010776e-05
17 3      4.3085528e-05
17 19     7.94952292e-05
17 14     0.000146730564
17 30     5.84164027e-05
18 35     3.71822927e-05
18 34      4.4797946e-05
18 20     0.000110617503
18 24     0.000100928227
18 16     8.79013498e-05
18 23       4.623875e-05
18 12     0.000120817889
18 9     3.75966105e-05
18 7     5.59989327e-05
19 29     7.87138816e-05
19 10     8.37145288e-05
19 3     4.24634073e-05
19 14     9.62856861e-05
19 17     7.94952292e-05
19 30     5.05870642e-05
19 25     3.72154233e-05
20 35      4.9830573e-05
20 34     4.21854986e-05
20 24      7.7955306e-05
20 18     0.000110617503
20 16     4.95986311e-05
20 23     3.40349129e-05
20 12     5.98913807e-05
20 9     4.72810258e-05
20 7     3.83597725e-05
21 37     4.11801407e-05
21 31     3.71306861e-05
21 33     4.75013534e-05
21 36     3.41489021e-05
21 22     3.79529375e-05
21 13     3.58381438e-05
21 11      3.7537474e-05
21 8      5.1501806e-05
21 5     4.21953908e-05
21 4     3.85573339e-05
22 21     3.79529375e-05
22 41     3.87938236e-05
22 33     5.56109035e-05
22 36      4.8537924e-05
22 38     4.55785603e-05
22 23      3.4023162e-05
22 26     4.57531572e-05
22 27     5.37313252e-05
22 15     6.02670914e-05
22 13     9.22118768e-05
22 11     7.77766416e-05
22 4     3.52522506e-05
23 22      3.4023162e-05
23 45     3.68131874e-05
23 34     4.84854847e-05
23 20     3.40349129e-05
23 24     5.41819108e-05
23 18       4.623875e-05
23 16     8.76458666e-05
23 26     8.70547878e-05
23 27     6.73994036e-05
23 12     5.00800581e-05
23 7     4.55062185e-05
23 15     5.18946634e-05
24 35     4.53847222e-05
24 47     3.61140052e-05
24 34     8.04550852e-05
24 20      7.7955306e-05
24 18     0.000100928227
24 16      7.5458882e-05
24 23     5.41819108e-05
24 26     3.63645748e-05
24 12     6.17337134e-05
24 7     4.01376797e-05
25 29     5.03187614e-05
25 19     3.72154233e-05
25 52     3.47582555e-05
25 42     4.78032686e-05
25 48     3.33774324e-05
25 49     4.29498465e-05
25 6     3.74201358e-05
26 36     3.51612515e-05
26 38      3.9620435e-05
26 22     4.57531572e-05
26 45     4.65476008e-05
26 34     4.07529357e-05
26 24     3.63645748e-05
26 16       4.368521e-05
26 23     8.70547878e-05
26 27     0.000264930474
26 15     5.22589955e-05
26 13     3.57582071e-05
27 41     3.63878803e-05
27 33     3.51683242e-05
27 36     4.01956352e-05
27 38     4.55800293e-05
27 22     5.37313252e-05
27 45     4.40068823e-05
27 34     3.57177672e-05
27 16     3.81377855e-05
27 23     6.73994036e-05
27 26     0.000264930474
27 15     5.39433505e-05
27 13      3.8992778e-05
27 11     3.51987041e-05
28 32     0.000231622888
28 40     4.82075494e-05
28 46     3.74902408e-05
28 50     4.36490031e-05
28 35     3.50723534e-05
29 10     4.12221679e-05
29 19     7.87138816e-05
29 14       4.394696e-05
29 17      4.4088201e-05
29 30     5.21036132e-05
29 43     4.48568228e-05
29 52     3.40015972e-05
29 42     4.49943976e-05
29 25     5.03187614e-05
30 29     5.21036132e-05
30 10     3.43216394e-05
30 19     5.05870642e-05
30 14     4.42099366e-05
30 17     5.84164027e-05
30 43     5.71937986e-05
30 53     3.93102951e-05
30 54      3.4480729e-05
30 39      3.4363386e-05
31 51     4.35854446e-05
31 44     5.50066698e-05
31 39      6.9565076e-05
31 37      7.2325508e-05
31 21     3.71306861e-05
32 28     0.000231622888
32 40      5.3706453e-05
32 46     4.12495932e-05
32 50     5.33341953e-05
32 35     3.50561543e-05
33 37     3.58740791e-05
33 21     4.75013534e-05
33 41     7.78729367e-05
33 36     0.000121471848
33 38     7.55695543e-05
33 22     5.56109035e-05
33 27     3.51683242e-05
33 13     3.68386821e-05
33 11     3.56840847e-05
34 35     4.45725075e-05
34 47     4.87010284e-05
34 45      5.0704545e-05
34 20     4.21854986e-05
34 24     8.04550852e-05
34 18      4.4797946e-05
34 16     4.51509745e-05
34 23     4.84854847e-05
34 26     4.07529357e-05
34 27     3.57177672e-05
34 12     3.60373498e-05
35 28     3.50723534e-05
35 32     3.50561543e-05
35 40     6.65903285e-05
35 46     6.15643084e-05
35 55     3.53695828e-05
35 47     6.76592574e-05
35 34     4.45725075e-05
35 20      4.9830573e-05
35 24     4.53847222e-05
35 18     3.71822927e-05
36 21     3.41489021e-05
36 41     0.000184432032
36 33     0.000121471848
36 38     0.000191002304
36 22      4.8537924e-05
36 26     3.51612515e-05
36 27     4.01956352e-05
37 51     4.00235547e-05
37 44     0.000114104702
37 39      4.6896426e-05
37 31      7.2325508e-05
37 21     4.11801407e-05
37 33     3.58740791e-05
38 41     0.000180409627
38 33     7.55695543e-05
38 36     0.000191002304
38 22     4.55785603e-05
38 45      3.3985329e-05
38 26      3.9620435e-05
38 27     4.55800293e-05
39 30      3.4363386e-05
39 53     4.21095437e-05
39 54     5.29258825e-05
39 51     9.94115354e-05
39 44     5.25297745e-05
39 37      4.6896426e-05
39 31      6.9565076e-05
40 59     3.53606955e-05
40 56      4.6202938e-05
40 28     4.82075494e-05
40 32      5.3706453e-05
40 46     0.000164183184
40 50     6.45371774e-05
40 55     4.85995942e-05
40 35     6.65903285e-05
40 47     4.81103237e-05
41 33     7.78729367e-05
41 36     0.000184432032
41 38     0.000180409627
41 22     3.87938236e-05
41 27     3.63878803e-05
42 29     4.49943976e-05
42 43     3.96736558e-05
42 57     3.70561371e-05
42 52     0.000121439189
42 48     3.73542692e-05
42 49      0.00010401674
42 25     4.78032686e-05
43 60     3.86217792e-05
43 58      4.1937979e-05
43 29     4.48568228e-05
43 30     5.71937986e-05
43 57     4.74884629e-05
43 53     6.11735942e-05
43 54     4.33385173e-05
43 52     3.76558254e-05
43 42     3.96736558e-05
44 51     5.24122652e-05
44 39     5.25297745e-05
44 37     0.000114104702
44 31     5.50066698e-05
45 38      3.3985329e-05
45 34      5.0704545e-05
45 23     3.68131874e-05
45 26     4.65476008e-05
45 27     4.40068823e-05
46 61     3.37067792e-05
46 59     4.34537825e-05
46 56     5.45862399e-05
46 28     3.74902408e-05
46 32     4.12495932e-05
46 40     0.000164183184
46 50     6.07571103e-05
46 55     6.78893165e-05
46 35     6.15643084e-05
46 47     5.86857498e-05
47 59     3.39443225e-05
47 40     4.81103237e-05
47 46     5.86857498e-05
47 55     4.92555872e-05
47 35     6.76592574e-05
47 34     4.87010284e-05
47 24     3.61140052e-05
48 52     3.70781152e-05
48 42     3.73542692e-05
48 49     5.66304304e-05
48 25     3.33774324e-05
49 52     0.000100058422
49 42      0.00010401674
49 48     5.66304304e-05
49 25     4.29498465e-05
50 61     4.51324373e-05
50 59     4.02354986e-05
50 56     7.42081769e-05
50 28     4.36490031e-05
50 32     5.33341953e-05
50 40     6.45371774e-05
50 46     6.07571103e-05
50 55     4.50917484e-05
51 66     3.39127623e-05
51 58     3.45169027e-05
51 53      5.1559809e-05
51 54     7.88829706e-05
51 44     5.24122652e-05
51 39     9.94115354e-05
51 37     4.00235547e-05
51 31     4.35854446e-05
52 29     3.40015972e-05
52 43     3.76558254e-05
52 57     4.61151698e-05
52 68     3.69629662e-05
52 67     3.77378978e-05
52 42     0.000121439189
52 48     3.70781152e-05
52 49     0.000100058422
52 25     3.47582555e-05
53 62     5.21913689e-05
53 60     5.72398787e-05
53 58     7.01449033e-05
53 30     3.93102951e-05
53 43     6.11735942e-05
53 57     4.10106784e-05
53 54     0.000139643342
53 51      5.1559809e-05
53 39     4.21095437e-05
54 66     3.72059104e-05
54 62     4.98687564e-05
54 60     4.89425344e-05
54 58     5.80866209e-05
54 30      3.4480729e-05
54 43     4.33385173e-05
54 53     0.000139643342
54 51     7.88829706e-05
54 39     5.29258825e-05
55 61     4.67328737e-05
55 59      0.00010541089
55 56     7.60876078e-05
55 40     4.85995942e-05
55 46     6.78893165e-05
55 50     4.50917484e-05
55 65     4.47846716e-05
55 35     3.53695828e-05
55 47     4.92555872e-05
56 72     3.61469158e-05
56 61      8.7830831e-05
56 59      8.4150162e-05
56 40      4.6202938e-05
56 46     5.45862399e-05
56 50     7.42081769e-05
56 55     7.60876078e-05
57 62     4.55971603e-05
57 60     6.17818624e-05
57 58     5.81176101e-05
57 43     4.74884629e-05
57 53     4.10106784e-05
57 68     4.12120712e-05
57 67      4.5884611e-05
57 52     4.61151698e-05
57 42     3.70561371e-05
58 66     4.12300213e-05
58 62     0.000152068348
58 60     0.000305375971
58 43      4.1937979e-05
58 57     5.81176101e-05
58 53     7.01449033e-05
58 54     5.80866209e-05
58 51     3.45169027e-05
59 74     4.71382334e-05
59 72     4.54918445e-05
59 61     6.89245985e-05
59 56      8.4150162e-05
59 40     3.53606955e-05
59 46     4.34537825e-05
59 50     4.02354986e-05
59 55      0.00010541089
59 65     4.93809516e-05
59 47     3.39443225e-05
60 66     4.09155835e-05
60 62     0.000171828852
60 58     0.000305375971
60 43     3.86217792e-05
60 57     6.17818624e-05
60 53     5.72398787e-05
60 54     4.89425344e-05
61 74     4.30984312e-05
61 72     5.46638801e-05
61 59     6.89245985e-05
61 56      8.7830831e-05
61 46     3.37067792e-05
61 50     4.51324373e-05
61 55     4.67328737e-05
62 66     5.36171017e-05
62 60     0.000171828852
62 58     0.000152068348
62 57     4.55971603e-05
62 53     5.21913689e-05
62 54     4.98687564e-05
63 65     4.02973353e-05
64 84     3.40787041e-05
64 78     3.50007606e-05
64 76      5.7686195e-05
64 71     5.73888815e-05
64 75     3.35149027e-05
64 70     3.64524449e-05
64 69     3.50005995e-05
65 86     3.53195603e-05
65 74     4.37830905e-05
65 72     3.35724644e-05
65 59     4.93809516e-05
65 55     4.47846716e-05
65 63     4.02973353e-05
66 81     3.35452537e-05
66 75     4.62137384e-05
66 73     7.14172802e-05
66 70      4.8111937e-05
66 69      5.0956648e-05
66 62     5.36171017e-05
66 60     4.09155835e-05
66 58     4.12300213e-05
66 54     3.72059104e-05
66 51     3.39127623e-05
67 88     3.39881424e-05
67 57      4.5884611e-05
67 68     0.000358890246
67 52     3.77378978e-05
68 88     3.48988989e-05
68 57     4.12120712e-05
68 67     0.000358890246
68 52     3.69629662e-05
69 81     7.09005816e-05
69 84     3.38398118e-05
69 78     8.11457533e-05
69 75     0.000275842002
69 73     0.000101582484
69 70     0.000799687351
69 64     3.50005995e-05
69 66      5.0956648e-05
70 81     7.18200933e-05
70 84     3.50171407e-05
70 78     8.60243219e-05
70 75      0.00027098256
70 73     9.06652129e-05
70 69     0.000799687351
70 64     3.64524449e-05
70 66      4.8111937e-05
71 84     4.05635239e-05
71 83     5.78584987e-05
71 85     3.57418391e-05
71 77     5.29948858e-05
71 76     0.000111106304
71 64     5.73888815e-05
72 89     4.11088791e-05
72 79     7.96884111e-05
72 74      0.00011662586
72 61     5.46638801e-05
72 59     4.54918445e-05
72 56     3.61469158e-05
72 65     3.35724644e-05
73 81     6.28684504e-05
73 78     5.60232673e-05
73 75     0.000103014969
73 70     9.06652129e-05
73 69     0.000101582484
73 66     7.14172802e-05
74 86     3.97019169e-05
74 89     3.59618166e-05
74 79     0.000100485971
74 72      0.00011662586
74 61     4.30984312e-05
74 59     4.71382334e-05
74 65     4.37830905e-05
75 81     9.53245876e-05
75 84     3.67903541e-05
75 78      0.00010704627
75 73     0.000103014969
75 70      0.00027098256
75 69     0.000275842002
75 64     3.35149027e-05
75 66     4.62137384e-05
76 84     6.26203889e-05
76 83     5.60051833e-05
76 77     4.06953239e-05
76 78     3.85284709e-05
76 71     0.000111106304
76 64      5.7686195e-05
77 83     7.90045766e-05
77 82     7.63647912e-05
77 85     9.34453224e-05
77 76     4.06953239e-05
77 71     5.29948858e-05
78 81     0.000163740811
78 84     5.51868997e-05
78 76     3.85284709e-05
78 75      0.00010704627
78 73     5.60232673e-05
78 70     8.60243219e-05
78 69     8.11457533e-05
78 64     3.50007606e-05
79 86     4.38525762e-05
79 89     5.12790346e-05
79 74     0.000100485971
79 72     7.96884111e-05
80 90     4.97498665e-05
80 88      3.5688558e-05
80 87     0.000109976547
81 84     4.67329996e-05
81 78     0.000163740811
81 75     9.53245876e-05
81 73     6.28684504e-05
81 70     7.18200933e-05
81 69     7.09005816e-05
81 66     3.35452537e-05
82 83     4.54272901e-05
82 85     0.000119099966
82 77     7.63647912e-05
83 84     4.20031379e-05
83 82     4.54272901e-05
83 85     6.78661837e-05
83 77     7.90045766e-05
83 76     5.60051833e-05
83 71     5.78584987e-05
84 81     4.67329996e-05
84 83     4.20031379e-05
84 78     5.51868997e-05
84 76     6.26203889e-05
84 71     4.05635239e-05
84 75     3.67903541e-05
84 70     3.50171407e-05
84 69     3.38398118e-05
84 64     3.40787041e-05
85 83     6.78661837e-05
85 82     0.000119099966
85 77     9.34453224e-05
85 71     3.57418391e-05
86 79     4.38525762e-05
86 74     3.97019169e-05
86 65     3.53195603e-05
87 90     4.47768842e-05
87 88     4.58594083e-05
87 80     0.000109976547
88 87     4.58594083e-05
88 80      3.5688558e-05
88 68     3.48988989e-05
88 67     3.39881424e-05
89 79     5.12790346e-05
89 74     3.59618166e-05
89 72     4.11088791e-05
90 87     4.47768842e-05
90 80     4.97498665e-05
