0 90 estaciones_meteo OBJECTID
1 8         21598.8952
1 5         16226.0362
2 9          22349.177
3 10         11604.3322
3 19         23549.6882
3 14         16981.5674
3 17         23209.6494
3 6         27663.7554
4 21         25935.4032
4 22         28366.9832
4 13         19764.8231
4 11         16970.2497
4 8         19980.0621
4 5         24329.7422
5 21          23699.271
5 8         5384.13243
5 4         24329.7422
5 1         16226.0362
6 10         26576.3574
6 3         27663.7554
6 25         26723.5802
7 20         26068.9763
7 24         24914.2453
7 18         17857.4832
7 16         13375.3233
7 23         21975.0186
7 12          9581.3175
7 15         26739.9495
8 21         19416.7948
8 5         5384.13243
8 4         19980.0621
8 1         21598.8952
9 20         21150.1334
9 18         26598.1424
9 12         29771.0544
9 2          22349.177
10 29         24258.7921
10 3         11604.3322
10 19         11945.3578
10 14         7793.97678
10 17         14577.0305
10 30         29136.1374
10 6         26576.3574
11 21         26640.0451
11 33         28023.6976
11 22         12857.3307
11 27         28410.1368
11 15          16108.602
11 13         2798.11812
11 4         16970.2497
12 34         27748.9883
12 20         16696.8934
12 24         16198.6044
12 18         8276.92002
12 16         8628.86812
12 23          19968.028
12 9         29771.0544
12 7          9581.3175
13 21         27903.2309
13 33         27145.3793
13 22           10844.59
13 26         27965.6079
13 27         25645.7747
13 15         13738.7149
13 11         2798.11812
13 4         19764.8231
14 29         22754.7025
14 10         7793.97678
14 3         16981.5674
14 19         10385.7597
14 17         6815.21269
14 30         22619.3493
15 22         16592.8034
15 16         25611.0683
15 23         19269.8042
15 26         19135.4616
15 27          18537.966
15 7         26739.9495
15 13         13738.7149
15 11          16108.602
16 34         22147.9162
16 20         20161.8468
16 24         13252.2504
16 18         11376.3896
16 23         11409.5512
16 26         22891.0425
16 27         26220.7149
16 12         8628.86812
16 7         13375.3233
16 15         25611.0683
17 29         22681.8055
17 10         14577.0305
17 3         23209.6494
17 19         12579.3712
17 14         6815.21269
17 30         17118.4796
18 35         26894.5223
18 34          22322.452
18 20         9040.16067
18 24         9908.03093
18 16         11376.3896
18 23         21626.8822
18 12         8276.92002
18 9         26598.1424
18 7         17857.4832
19 29         12704.2394
19 10         11945.3578
19 3         23549.6882
19 14         10385.7597
19 17         12579.3712
19 30         19767.8995
19 25         26870.5798
20 35         20068.0012
20 34         23704.8283
20 24         12827.8632
20 18         9040.16067
20 16         20161.8468
20 23         29381.5943
20 12         16696.8934
20 9         21150.1334
20 7         26068.9763
21 37         24283.5498
21 31          26931.902
21 33         21052.0317
21 36         29283.5183
21 22         26348.4217
21 13         27903.2309
21 11         26640.0451
21 8         19416.7948
21 5          23699.271
21 4         25935.4032
22 21         26348.4217
22 41         25777.2992
22 33         17982.0851
22 36         20602.4468
22 38         21940.1401
22 23          29391.742
22 26         21856.4152
22 27         18611.1174
22 15         16592.8034
22 13           10844.59
22 11         12857.3307
22 4         28366.9832
23 22          29391.742
23 45         27164.1787
23 34         20624.7294
23 20         29381.5943
23 24         18456.3443
23 18         21626.8822
23 16         11409.5512
23 26          11487.019
23 27         14836.9265
23 12          19968.028
23 7         21975.0186
23 15         19269.8042
24 35         22033.8464
24 47         27690.0885
24 34         12429.2952
24 20         12827.8632
24 18         9908.03093
24 16         13252.2504
24 23         18456.3443
24 26         27499.2904
24 12         16198.6044
24 7         24914.2453
25 29         19873.3031
25 19         26870.5798
25 52         28770.1436
25 42         20919.0716
25 48         29960.3633
25 49         23282.9703
25 6         26723.5802
26 36         28440.3984
26 38         25239.5008
26 22         21856.4152
26 45         21483.3844
26 34         24538.1095
26 24         27499.2904
26 16         22891.0425
26 23          11487.019
26 27         3774.57521
26 15         19135.4616
26 13         27965.6079
27 41         27481.6777
27 33         28434.6787
27 36         24878.3231
27 38          21939.433
27 22         18611.1174
27 45         22723.7184
27 34         27997.2708
27 16         26220.7149
27 23         14836.9265
27 26         3774.57521
27 15          18537.966
27 13         25645.7747
27 11         28410.1368
28 32         4317.36262
28 40          20743.639
28 46         26673.6083
28 50         22910.0307
28 35         28512.4864
29 10         24258.7921
29 19         12704.2394
29 14         22754.7025
29 17         22681.8055
29 30         19192.5269
29 43         22293.1527
29 52         29410.3831
29 42         22224.9892
29 25         19873.3031
30 29         19192.5269
30 10         29136.1374
30 19         19767.8995
30 14         22619.3493
30 17         17118.4796
30 43         17484.4131
30 53         25438.6287
30 54         29001.7071
30 39         29100.7412
31 51         22943.4393
31 44         18179.6136
31 39         14375.0292
31 37         13826.3806
31 21          26931.902
32 28         4317.36262
32 40         18619.7364
32 46         24242.6633
32 50          18749.697
32 35         28525.6617
33 37           27875.28
33 21         21052.0317
33 41         12841.4317
33 36         8232.36011
33 38         13232.8424
33 22         17982.0851
33 27         28434.6787
33 13         27145.3793
33 11         28023.6976
34 35         22435.3544
34 47         20533.4473
34 45         19722.0979
34 20         23704.8283
34 24         12429.2952
34 18          22322.452
34 16         22147.9162
34 23         20624.7294
34 26         24538.1095
34 27         27997.2708
34 12         27748.9883
35 28         28512.4864
35 32         28525.6617
35 40         15017.1958
35 46         16243.1777
35 55         28272.8808
35 47         14779.9435
35 34         22435.3544
35 20         20068.0012
35 24         22033.8464
35 18         26894.5223
36 21         29283.5183
36 41         5422.05164
36 33         8232.36011
36 38         5235.53894
36 22         20602.4468
36 26         28440.3984
36 27         24878.3231
37 51          24985.287
37 44          8763.8807
37 39         21323.5866
37 31         13826.3806
37 21         24283.5498
37 33           27875.28
38 41         5542.94146
38 33         13232.8424
38 36         5235.53894
38 22         21940.1401
38 45         29424.4613
38 26         25239.5008
38 27          21939.433
39 30         29100.7412
39 53         23747.5857
39 54         18894.3472
39 51         10059.1948
39 44         19036.8226
39 37         21323.5866
39 31         14375.0292
40 59         28279.9867
40 56         21643.6453
40 28          20743.639
40 32         18619.7364
40 46         6090.75775
40 50         15494.9448
40 55         20576.3035
40 35         15017.1958
40 47         20785.5596
41 33         12841.4317
41 36         5422.05164
41 38         5542.94146
41 22         25777.2992
41 27         27481.6777
42 29         22224.9892
42 43         25205.6429
42 57         26986.0833
42 52         8234.57406
42 48         26770.7018
42 49         9613.83711
42 25         20919.0716
43 60         25892.1267
43 58         23844.7351
43 29         22293.1527
43 30         17484.4131
43 57         21057.7462
43 53         16346.9224
43 54         23074.1627
43 52          26556.316
43 42         25205.6429
44 51         19079.5036
44 39         19036.8226
44 37          8763.8807
44 31         18179.6136
45 38         29424.4613
45 34         19722.0979
45 23         27164.1787
45 26         21483.3844
45 27         22723.7184
46 61         29667.6224
46 59         23012.9564
46 56         18319.6352
46 28         26673.6083
46 32         24242.6633
46 40         6090.75775
46 50         16458.9789
46 55         14729.8581
46 35         16243.1777
46 47         17039.9118
47 59         29460.0076
47 40         20785.5596
47 46         17039.9118
47 55         20302.2653
47 35         14779.9435
47 34         20533.4473
47 24         27690.0885
48 52         26970.0872
48 42         26770.7018
48 49         17658.3507
48 25         29960.3633
49 52          9994.1612
49 42         9613.83711
49 48         17658.3507
49 25         23282.9703
50 61          22157.013
50 59         24853.6748
50 56         13475.6039
50 28         22910.0307
50 32          18749.697
50 40         15494.9448
50 46         16458.9789
50 55         22177.0066
51 66         29487.4239
51 58         28971.3133
51 53         19394.9516
51 54         12677.0074
51 44         19079.5036
51 39         10059.1948
51 37          24985.287
51 31         22943.4393
52 29         29410.3831
52 43          26556.316
52 57         21684.8383
52 68         27054.1059
52 67         26498.5613
52 42         8234.57406
52 48         26970.0872
52 49          9994.1612
52 25         28770.1436
53 62         19160.2562
53 60         17470.3375
53 58         14256.2033
53 30         25438.6287
53 43         16346.9224
53 57         24383.8931
53 54         7161.10047
53 51         19394.9516
53 39         23747.5857
54 66         26877.4501
54 62         20052.6356
54 60         20432.1254
54 58         17215.6683
54 30         29001.7071
54 43         23074.1627
54 53         7161.10047
54 51         12677.0074
54 39         18894.3472
55 61         21398.2133
55 59         9486.68588
55 56         13142.7447
55 40         20576.3035
55 46         14729.8581
55 50         22177.0066
55 65         22329.0685
55 35         28272.8808
55 47         20302.2653
56 72         27664.8775
56 61         11385.5236
56 59         11883.5184
56 40         21643.6453
56 46         18319.6352
56 50         13475.6039
56 55         13142.7447
57 62         21931.1903
57 60         16185.9802
57 58         17206.4887
57 43         21057.7462
57 53         24383.8931
57 68         24264.7353
57 67         21793.7992
57 52         21684.8383
57 42         26986.0833
58 66         24254.1713
58 62         6575.99042
58 60         3274.65189
58 43         23844.7351
58 57         17206.4887
58 53         14256.2033
58 54         17215.6683
58 51         28971.3133
59 74         21214.2019
59 72         21981.9621
59 61         14508.6083
59 56         11883.5184
59 40         28279.9867
59 46         23012.9564
59 50         24853.6748
59 55         9486.68588
59 65         20250.7236
59 47         29460.0076
60 66         24440.5656
60 62         5819.74441
60 58         3274.65189
60 43         25892.1267
60 57         16185.9802
60 53         17470.3375
60 54         20432.1254
61 74         23202.7007
61 72         18293.6154
61 59         14508.6083
61 56         11385.5236
61 46         29667.6224
61 50          22157.013
61 55         21398.2133
62 66         18650.7657
62 60         5819.74441
62 58         6575.99042
62 57         21931.1903
62 53         19160.2562
62 54         20052.6356
63 65         24815.5366
64 84         29343.8388
64 78         28570.8077
64 76         17335.1701
64 71          17424.978
64 75         29837.4728
64 70         27433.0022
64 69         28570.9392
65 86         28312.9232
65 74         22839.8678
65 72          29786.315
65 59         20250.7236
65 55         22329.0685
65 63         24815.5366
66 81         29810.4766
66 75          21638.587
66 73         14002.2134
66 70         20784.8626
66 69         19624.5248
66 62         18650.7657
66 60         24440.5656
66 58         24254.1713
66 54         26877.4501
66 51         29487.4239
67 88         29422.0257
67 57         21793.7992
67 68         2786.36717
67 52         26498.5613
68 88         28654.1992
68 57         24264.7353
68 67         2786.36717
68 52         27054.1059
69 81         14104.2567
69 84         29550.9918
69 78         12323.5038
69 75         3625.26371
69 73         9844.21683
69 70          1250.4887
69 64         28570.9392
69 66         19624.5248
70 81           13923.68
70 84          28557.443
70 78         11624.6194
70 75         3690.27438
70 73         11029.5886
70 69          1250.4887
70 64         27433.0022
70 66         20784.8626
71 84         24652.6905
71 83         17283.5456
71 85         27978.4148
71 77         18869.7453
71 76         9000.38938
71 64          17424.978
72 89          24325.645
72 79         12548.8761
72 74         8574.42768
72 61         18293.6154
72 59         21981.9621
72 56         27664.8775
72 65          29786.315
73 81         15906.2295
73 78         17849.7265
73 75         9707.32713
73 70         11029.5886
73 69         9844.21683
73 66         14002.2134
74 86         25187.7007
74 89         27807.2716
74 79         9951.63796
74 72         8574.42768
74 61         23202.7007
74 59         21214.2019
74 65         22839.8678
75 81         10490.4729
75 84         27181.0377
75 78         9341.75471
75 73         9707.32713
75 70         3690.27438
75 69         3625.26371
75 64         29837.4728
75 66          21638.587
76 84         15969.2397
76 83         17855.4902
76 77         24572.8478
76 78         25954.8322
76 71         9000.38938
76 64         17335.1701
77 83         12657.4946
77 82         13095.0401
77 85         10701.4452
77 76         24572.8478
77 71         18869.7453
78 81         6107.21295
78 84         18120.2424
78 76         25954.8322
78 75         9341.75471
78 73         17849.7265
78 70         11624.6194
78 69         12323.5038
78 64         28570.8077
79 86         22803.6774
79 89         19501.1472
79 74         9951.63796
79 72         12548.8761
80 90         20100.5564
80 88         28020.1851
80 87         9092.84779
81 84         21398.1556
81 78         6107.21295
81 75         10490.4729
81 73         15906.2295
81 70           13923.68
81 69         14104.2567
81 66         29810.4766
82 83         22013.1995
82 85           8396.308
82 77         13095.0401
83 84         23807.7451
83 82         22013.1995
83 85         14734.8789
83 77         12657.4946
83 76         17855.4902
83 71         17283.5456
84 81         21398.1556
84 83         23807.7451
84 78         18120.2424
84 76         15969.2397
84 71         24652.6905
84 75         27181.0377
84 70          28557.443
84 69         29550.9918
84 64         29343.8388
85 83         14734.8789
85 82           8396.308
85 77         10701.4452
85 71         27978.4148
86 79         22803.6774
86 74         25187.7007
86 65         28312.9232
87 90         22332.9519
87 88         21805.7763
87 80         9092.84779
88 87         21805.7763
88 80         28020.1851
88 68         28654.1992
88 67         29422.0257
89 79         19501.1472
89 74         27807.2716
89 72          24325.645
90 87         22332.9519
90 80         20100.5564
