0 90 estaciones_meteo OBJECTID
1 90     8.11262374e-06
1 88      7.3913902e-06
1 87     7.94001789e-06
1 81     8.96567439e-06
1 80     8.53683529e-06
1 84      8.3249232e-06
1 83     7.88382213e-06
1 82     7.32587947e-06
1 85     7.36221822e-06
1 86     6.12683839e-06
1 77     7.98608897e-06
1 78     9.22010443e-06
1 76     9.00023859e-06
1 71     9.12464745e-06
1 75     9.89415946e-06
1 73     1.00122783e-05
1 70     1.02426294e-05
1 69     1.02621624e-05
1 64     1.06618854e-05
1 66     1.12326736e-05
1 62      1.1643245e-05
1 60     1.17587481e-05
1 58     1.22241636e-05
1 29     1.58556241e-05
1 10     2.09837083e-05
1 3     2.20443253e-05
1 19     1.89906785e-05
1 14     2.32680191e-05
1 17     2.46637175e-05
1 30      1.9821475e-05
1 43     1.48602106e-05
1 57      1.1395563e-05
1 53     1.47971658e-05
1 54     1.51598075e-05
1 89     5.14843864e-06
1 79     5.72082055e-06
1 74     5.99431802e-06
1 72     5.78815692e-06
1 61     5.98031731e-06
1 59       6.502017e-06
1 56        6.34404e-06
1 28      6.5857431e-06
1 32     6.50635544e-06
1 40     7.02067854e-06
1 46     7.05795148e-06
1 50     6.34077801e-06
1 55     6.85791024e-06
1 51     1.67949953e-05
1 44     1.77572474e-05
1 39     2.02004588e-05
1 37     2.03262511e-05
1 31     2.56694563e-05
1 21     2.63929339e-05
1 41     1.40373629e-05
1 33     1.69687266e-05
1 36     1.48901848e-05
1 38     1.38693027e-05
1 22     1.65668923e-05
1 65     6.93952361e-06
1 63     8.12624392e-06
1 35     7.83625344e-06
1 47     7.91390892e-06
1 45     1.01316158e-05
1 34     9.38004417e-06
1 20     8.66670049e-06
1 24     9.40431117e-06
1 18     9.39606036e-06
1 16     1.04987805e-05
1 23     1.13599392e-05
1 26     1.21694972e-05
1 27     1.26631259e-05
1 12     9.98778664e-06
1 9     7.76594729e-06
1 7     1.07430005e-05
1 15     1.43484134e-05
1 13     1.77987691e-05
1 11     1.86470055e-05
1 8     4.62986645e-05
1 68     9.01391583e-06
1 67     9.18635161e-06
1 52     1.11189199e-05
1 42     1.18618874e-05
1 48     9.29345193e-06
1 49     1.06999506e-05
1 25     1.25875079e-05
1 6     1.37804582e-05
1 5     6.16293461e-05
1 4     2.53759576e-05
1 2     6.73996079e-06
2 90      4.7880064e-06
2 88     4.09075801e-06
2 87     4.43480799e-06
2 81     5.67546564e-06
2 80     4.60351756e-06
2 84     6.10367709e-06
2 83     6.82628071e-06
2 82     7.56080119e-06
2 85     7.16131901e-06
2 86     8.26518153e-06
2 77     7.44738581e-06
2 78      5.8791743e-06
2 76     6.75445098e-06
2 71     7.18431735e-06
2 75      5.8382798e-06
2 73     5.59271079e-06
2 70     5.93762403e-06
2 69      5.9029267e-06
2 64     7.05262054e-06
2 66     5.55559703e-06
2 62     5.19757975e-06
2 60     5.10297888e-06
2 58     5.17224872e-06
2 29     4.92016309e-06
2 10     5.13540861e-06
2 3     5.16202425e-06
2 19     5.08954897e-06
2 14     5.30192258e-06
2 17     5.43477732e-06
2 30     5.40564846e-06
2 43     5.11893674e-06
2 57     4.79662123e-06
2 53     5.42446719e-06
2 54     5.62060948e-06
2 89     8.31709614e-06
2 79     9.09109726e-06
2 74     9.91819622e-06
2 72     1.01632087e-05
2 61     1.24268348e-05
2 59     1.24626257e-05
2 56     1.40951418e-05
2 28     2.82336521e-05
2 32     2.52225891e-05
2 40     1.90273216e-05
2 46      1.7087683e-05
2 50     1.71458765e-05
2 55     1.36747002e-05
2 51      6.0516919e-06
2 44     6.83248211e-06
2 39     6.19067604e-06
2 37     7.11006159e-06
2 31     6.70525231e-06
2 21     8.11849479e-06
2 41      8.9228872e-06
2 33     8.84980251e-06
2 36     9.09145003e-06
2 38     9.38063427e-06
2 22     1.02244156e-05
2 65     1.06058872e-05
2 63     9.73370233e-06
2 35     1.94569369e-05
2 47     1.51231331e-05
2 45      1.1643772e-05
2 34     1.51121148e-05
2 20     2.32141638e-05
2 24      1.7893947e-05
2 18     2.04318909e-05
2 16     1.68650832e-05
2 23     1.42056211e-05
2 26      1.2261662e-05
2 27     1.17457814e-05
2 12     1.93981986e-05
2 9     4.47443769e-05
2 7     1.78209466e-05
2 15      1.2129826e-05
2 13     1.04484916e-05
2 11      1.0249678e-05
2 8     7.78290915e-06
2 68     4.31596681e-06
2 67      4.3676897e-06
2 52     4.50644054e-06
2 42     4.55390865e-06
2 48     4.06274718e-06
2 49      4.3642515e-06
2 25     4.49362122e-06
2 6     4.53237049e-06
2 5     7.50393355e-06
2 4      9.1693918e-06
2 1     6.73996079e-06
3 90     8.15568069e-06
3 88     8.40113717e-06
3 87     8.54213759e-06
3 81     8.08333439e-06
3 80     9.11190965e-06
3 84     7.22143058e-06
3 83     6.59494181e-06
3 82     6.02693891e-06
3 85     6.12348398e-06
3 86     5.07361594e-06
3 77     6.52023367e-06
3 78     8.14476087e-06
3 76     7.45632386e-06
3 71     7.38442572e-06
3 75     8.78992392e-06
3 73     9.19533094e-06
3 70      8.9962836e-06
3 69     9.05118347e-06
3 64     8.46872627e-06
3 66     1.05157321e-05
3 62     1.20132497e-05
3 60     1.25756878e-05
3 58     1.29791699e-05
3 29     2.79882136e-05
3 10     8.61747135e-05
3 19     4.24634073e-05
3 14     5.88873791e-05
3 17      4.3085528e-05
3 30     2.52576308e-05
3 43       1.851222e-05
3 57     1.36114984e-05
3 53     1.53785071e-05
3 54     1.46531432e-05
3 89      4.3285998e-06
3 79     4.72716372e-06
3 74     4.89088931e-06
3 72     4.73563964e-06
3 61     4.81438207e-06
3 59      5.1615216e-06
3 56     5.02903175e-06
3 28     5.10100363e-06
3 32     5.05950019e-06
3 40     5.39754514e-06
3 46      5.4367215e-06
3 50     4.99390422e-06
3 55     5.36328615e-06
3 51     1.42229853e-05
3 44     1.26358822e-05
3 39     1.60003773e-05
3 37     1.31291738e-05
3 31     1.60389299e-05
3 21     1.29436282e-05
3 41     9.33983534e-06
3 33      1.0351538e-05
3 36     9.58756206e-06
3 38     9.12957397e-06
3 22     9.72966086e-06
3 65     5.50522279e-06
3 63     6.30524495e-06
3 35     5.85704233e-06
3 47     5.95720724e-06
3 45     7.22904762e-06
3 34     6.71198816e-06
3 20     6.25603718e-06
3 24     6.66230932e-06
3 18     6.62293089e-06
3 16     7.15880636e-06
3 23     7.59608568e-06
3 26     8.03317238e-06
3 27     8.26505928e-06
3 12     6.89554532e-06
3 9     5.74847811e-06
3 7     7.23179044e-06
3 15     8.76540132e-06
3 13      9.9628142e-06
3 11     1.02048938e-05
3 8     1.51920736e-05
3 68     1.10053558e-05
3 67       1.114802e-05
3 52     1.54985628e-05
3 42     1.76468685e-05
3 48     1.37836246e-05
3 49     1.57727379e-05
3 25     2.34673384e-05
3 6     3.61483821e-05
3 5     1.64621756e-05
3 4     1.18068066e-05
3 1     2.20443253e-05
3 2     5.16202425e-06
4 90       7.480153e-06
4 88     6.39528651e-06
4 87     7.01969905e-06
4 81     8.92148646e-06
4 80     7.49814161e-06
4 84     8.80841827e-06
4 83     8.87690123e-06
4 82     8.60134976e-06
4 85     8.48353432e-06
4 86     7.32766043e-06
4 77     9.31865161e-06
4 78     9.31554855e-06
4 76     9.94429237e-06
4 71     1.04166736e-05
4 75     9.74742238e-06
4 73     9.51287452e-06
4 70     1.01110102e-05
4 69     1.00789668e-05
4 64     1.18667173e-05
4 66     1.01477848e-05
4 62      9.7297837e-06
4 60      9.6059592e-06
4 58     9.90981978e-06
4 29     1.03032629e-05
4 10     1.16414673e-05
4 3     1.18068066e-05
4 19     1.12702104e-05
4 14     1.24756207e-05
4 17      1.3131904e-05
4 30     1.24249411e-05
4 43      1.0598152e-05
4 57     8.92790201e-06
4 53     1.13332946e-05
4 54     1.19474691e-05
4 89     6.11939526e-06
4 79     6.92367854e-06
4 74     7.37389204e-06
4 72     7.11515934e-06
4 61      7.5377667e-06
4 59      8.3235288e-06
4 56     8.17150201e-06
4 28     8.83020508e-06
4 32     8.66943523e-06
4 40     9.48315752e-06
4 46     9.48597939e-06
4 50     8.27031394e-06
4 55      8.9704044e-06
4 51     1.37614583e-05
4 44     1.69845735e-05
4 39     1.54260883e-05
4 37     1.99249989e-05
4 31      1.9821146e-05
4 21     3.85573339e-05
4 41     1.98777709e-05
4 33     2.61498219e-05
4 36     2.22542204e-05
4 38     2.07595975e-05
4 22     3.52522506e-05
4 65     8.79864266e-06
4 63     1.04009243e-05
4 35     1.10561441e-05
4 47     1.09474505e-05
4 45     1.47891818e-05
4 34     1.41026976e-05
4 20     1.30440002e-05
4 24      1.4574452e-05
4 18     1.47846548e-05
4 16     1.76323095e-05
4 23     1.96327431e-05
4 26     2.09510811e-05
4 27     2.20584402e-05
4 12     1.64011321e-05
4 9     1.11896082e-05
4 7     1.86245921e-05
4 15     3.14861636e-05
4 13      5.0594938e-05
4 11      5.8926652e-05
4 8     5.00498946e-05
4 68     7.33849012e-06
4 67     7.47427065e-06
4 52     8.32786108e-06
4 42     8.61751853e-06
4 48     7.06836852e-06
4 49     7.96050589e-06
4 25     8.66466922e-06
4 6      8.9605759e-06
4 5     4.11019563e-05
4 1     2.53759576e-05
4 2      9.1693918e-06
5 90     8.23309502e-06
5 88      7.2107158e-06
5 87     7.87383984e-06
5 81     9.48809162e-06
5 80     8.47639163e-06
5 84     8.97725132e-06
5 83      8.6493233e-06
5 82     8.09436756e-06
5 85     8.09537791e-06
5 86     6.72550702e-06
5 77     8.86235759e-06
5 78     9.84117308e-06
5 76     9.91289896e-06
5 71     1.01680833e-05
5 75     1.05105136e-05
5 73     1.04739852e-05
5 70     1.09245015e-05
5 69      1.0922923e-05
5 64     1.19611722e-05
5 66     1.15887611e-05
5 62     1.15453506e-05
5 60     1.15123491e-05
5 58     1.19629501e-05
5 29     1.36009829e-05
5 10     1.62408017e-05
5 3     1.64621756e-05
5 19     1.54709468e-05
5 14     1.78987851e-05
5 17     1.92018242e-05
5 30     1.72327485e-05
5 43     1.36466922e-05
5 57     1.08223697e-05
5 53     1.43077547e-05
5 54     1.50005192e-05
5 89     5.59067016e-06
5 79     6.26985171e-06
5 74     6.60784859e-06
5 72     6.36530709e-06
5 61     6.61432057e-06
5 59      7.2529412e-06
5 56     7.06648583e-06
5 28     7.36684708e-06
5 32     7.27022947e-06
5 40     7.92324576e-06
5 46      7.9693086e-06
5 50      7.0676823e-06
5 55     7.70460078e-06
5 51     1.73490147e-05
5 44     2.02760868e-05
5 39     2.07229458e-05
5 37     2.43782092e-05
5 31     2.87015235e-05
5 21     4.21953908e-05
5 41     1.74970215e-05
5 33     2.24897703e-05
5 36      1.8989676e-05
5 38      1.7429153e-05
5 22     2.25992461e-05
5 65     7.76977663e-06
5 63     9.23301162e-06
5 35     8.97771753e-06
5 47     9.07124934e-06
5 45      1.2047801e-05
5 34     1.10600972e-05
5 20     1.00658522e-05
5 24     1.10936612e-05
5 18     1.10591691e-05
5 16     1.26276718e-05
5 23     1.39247442e-05
5 26      1.5148362e-05
5 27     1.59087239e-05
5 12     1.18627391e-05
5 9     8.83081147e-06
5 7     1.28908257e-05
5 15      1.8657813e-05
5 13     2.49909784e-05
5 11     2.66675273e-05
5 8     0.000185730944
5 68     8.59067845e-06
5 67     8.76495768e-06
5 52     1.01998414e-05
5 42     1.07095336e-05
5 48     8.46187454e-06
5 49     9.72245602e-06
5 25     1.09373283e-05
5 6     1.14446447e-05
5 4     4.11019563e-05
5 1     6.16293461e-05
5 2     7.50393355e-06
6 90     8.06048539e-06
6 88     9.04728989e-06
6 87     8.79632785e-06
6 81     7.54228331e-06
6 80     9.26780244e-06
6 84     6.66646795e-06
6 83     6.01767882e-06
6 82     5.47568106e-06
6 85      5.5866861e-06
6 86     4.63385441e-06
6 77     5.89309727e-06
6 78     7.52491807e-06
6 76     6.74155578e-06
6 71     6.61915883e-06
6 75     8.09290882e-06
6 73     8.56108992e-06
6 70     8.22457074e-06
6 69      8.2851855e-06
6 64     7.47969239e-06
6 66      9.7265728e-06
6 62     1.14577311e-05
6 60      1.2150766e-05
6 58     1.23913499e-05
6 29     2.86857138e-05
6 10     3.76274289e-05
6 3     3.61483821e-05
6 19     3.28548835e-05
6 14      2.9541639e-05
6 17     2.49496536e-05
6 30     2.00228096e-05
6 43     1.74993303e-05
6 57     1.40240161e-05
6 53     1.38357372e-05
6 54     1.28835655e-05
6 89     3.98181746e-06
6 79     4.31395344e-06
6 74     4.43769155e-06
6 72     4.30179112e-06
6 61     4.34056473e-06
6 59     4.62623266e-06
6 56     4.50335295e-06
6 28     4.51520558e-06
6 32     4.48698895e-06
6 40     4.76926087e-06
6 46     4.80909858e-06
6 50      4.4571135e-06
6 55     4.77620661e-06
6 51     1.19443866e-05
6 44     1.03227969e-05
6 39     1.27686321e-05
6 37     1.04269014e-05
6 31     1.21378224e-05
6 21      9.8474308e-06
6 41     7.76837905e-06
6 33     8.37106926e-06
6 36     7.89514573e-06
6 38     7.58337396e-06
6 22     7.83150094e-06
6 65      4.9331819e-06
6 63     5.59153324e-06
6 35     5.11698282e-06
6 47     5.22224325e-06
6 45     6.20429059e-06
6 34     5.76937187e-06
6 20      5.3870583e-06
6 24     5.70216711e-06
6 18     5.65299892e-06
6 16     6.04097264e-06
6 23     6.37190646e-06
6 26     6.70988826e-06
6 27     6.87661669e-06
6 12     5.83883252e-06
6 9     4.98732956e-06
6 7     6.06453745e-06
6 15     7.14079615e-06
6 13     7.91741446e-06
6 11     8.06087617e-06
6 8     1.08410401e-05
6 68     1.21999092e-05
6 67     1.22509617e-05
6 52     1.81275206e-05
6 42     2.12558985e-05
6 48     1.89008136e-05
6 49      2.0025434e-05
6 25     3.74201358e-05
6 5     1.14446447e-05
6 4      8.9605759e-06
6 1     1.37804582e-05
6 2     4.53237049e-06
7 90     6.19898704e-06
7 88     5.17614041e-06
7 87     5.69432457e-06
7 81     7.60582466e-06
7 80     5.99062159e-06
7 84     8.07623443e-06
7 83     8.90265013e-06
7 82     9.48443892e-06
7 85     9.03825314e-06
7 86     9.02830898e-06
7 77     9.79016491e-06
7 78     7.96377987e-06
7 76     9.25824755e-06
7 71     9.98649678e-06
7 75     8.02123792e-06
7 73      7.6449763e-06
7 70     8.23897067e-06
7 69     8.18459489e-06
7 64     1.02864214e-05
7 66     7.71960169e-06
7 62     7.14947675e-06
7 60     6.99849763e-06
7 58     7.13941757e-06
7 29     6.79328316e-06
7 10     7.20405163e-06
7 3     7.23179044e-06
7 19     7.12394513e-06
7 14     7.54258718e-06
7 17     7.81856799e-06
7 30     7.74608078e-06
7 43      7.1378985e-06
7 57        6.47802e-06
7 53     7.69084417e-06
7 54     8.06935518e-06
7 89     7.84498053e-06
7 79     9.03428689e-06
7 74     9.91713854e-06
7 72     9.69239322e-06
7 61     1.10411793e-05
7 59     1.23146852e-05
7 56     1.26141829e-05
7 28     1.62533146e-05
7 32     1.55575232e-05
7 40     1.69909198e-05
7 46     1.64019153e-05
7 50     1.35327956e-05
7 55     1.39429155e-05
7 51     8.97993704e-06
7 44     1.07531653e-05
7 39     9.37177578e-06
7 37     1.15727566e-05
7 31     1.06676976e-05
7 21     1.48496498e-05
7 41     1.60784636e-05
7 33     1.67364259e-05
7 36     1.70241563e-05
7 38     1.76305032e-05
7 22     2.32909949e-05
7 65     1.20355882e-05
7 63     1.30277189e-05
7 35     2.23580837e-05
7 47     1.90180412e-05
7 45     2.07142632e-05
7 34     2.82956445e-05
7 20     3.83597725e-05
7 24     4.01376797e-05
7 18     5.59989327e-05
7 16     7.47645478e-05
7 23     4.55062185e-05
7 26     3.06763495e-05
7 27     2.84409675e-05
7 12      0.00010436978
7 9     2.80220058e-05
7 15     3.73972284e-05
7 13     2.52212199e-05
7 11     2.41234486e-05
7 8     1.37644354e-05
7 68     5.61522841e-06
7 67     5.70149164e-06
7 52      6.0010801e-06
7 42      6.0986192e-06
7 48     5.25248283e-06
7 49     5.76194576e-06
7 25     6.00816074e-06
7 6     6.06453745e-06
7 5     1.28908257e-05
7 4     1.86245921e-05
7 1     1.07430005e-05
7 2     1.78209466e-05
8 90     8.26888936e-06
8 88     7.15220324e-06
8 87     7.84869651e-06
8 81     9.66601052e-06
8 80      8.4500274e-06
8 84     9.21451497e-06
8 83      8.9398597e-06
8 82     8.39151484e-06
8 85     8.37661287e-06
8 86     6.95570026e-06
8 77     9.20133612e-06
8 78     1.00557585e-05
8 76     1.02548497e-05
8 71     1.05677459e-05
8 75     1.07147686e-05
8 73     1.06169076e-05
8 70     1.11500139e-05
8 69     1.11396912e-05
8 64     1.24491089e-05
8 66     1.16766826e-05
8 62     1.14776606e-05
8 60      1.1398614e-05
8 58     1.18381201e-05
8 29     1.29610501e-05
8 10     1.50960125e-05
8 3     1.51920736e-05
8 19      1.4543896e-05
8 14     1.65852579e-05
8 17     1.78005621e-05
8 30      1.6401342e-05
8 43     1.32314618e-05
8 57     1.06226263e-05
8 53     1.40693132e-05
8 54     1.48443278e-05
8 89     5.75765362e-06
8 79     6.47978151e-06
8 74     6.84390281e-06
8 72     6.58626953e-06
8 61     6.85751232e-06
8 59     7.54500152e-06
8 56     7.34561842e-06
8 28     7.66410138e-06
8 32     7.56134459e-06
8 40     8.27547731e-06
8 46      8.3265225e-06
8 50     7.34694385e-06
8 55     8.03648346e-06
8 51     1.73592626e-05
8 44     2.10067343e-05
8 39     2.05597359e-05
8 37     2.56169442e-05
8 31      2.8848843e-05
8 21      5.1501806e-05
8 41     1.90391491e-05
8 33     2.51604223e-05
8 36     2.08833639e-05
8 38     1.90505136e-05
8 22     2.57217246e-05
8 65     8.09609679e-06
8 63     9.67705324e-06
8 35     9.43185349e-06
8 47     9.53647801e-06
8 45     1.28636038e-05
8 34     1.17604012e-05
8 20     1.06243827e-05
8 24     1.17900894e-05
8 18      1.1734022e-05
8 16     1.35203381e-05
8 23     1.50442815e-05
8 26     1.64930176e-05
8 27     1.73959301e-05
8 12     1.26260837e-05
8 9     9.23549008e-06
8 7     1.37644354e-05
8 15     2.06804395e-05
8 13     2.87985023e-05
8 11     3.10109041e-05
8 68     8.45405623e-06
8 67     8.62764156e-06
8 52     9.91753904e-06
8 42     1.03643186e-05
8 48     8.21902405e-06
8 49     9.43166003e-06
8 25     1.04787005e-05
8 6     1.08410401e-05
8 5     0.000185730944
8 4     5.00498946e-05
8 1     4.62986645e-05
8 2     7.78290915e-06
9 90      5.3529974e-06
9 88     4.50195241e-06
9 87     4.92041052e-06
9 81     6.47460329e-06
9 80     5.12983567e-06
9 84     7.00295231e-06
9 83     7.90670218e-06
9 82     8.79042485e-06
9 85     8.28390568e-06
9 86     9.33865801e-06
9 77     8.72937056e-06
9 78     6.74068874e-06
9 76     7.87966604e-06
9 71     8.46360235e-06
9 75     6.69885799e-06
9 73     6.38295456e-06
9 70      6.8325088e-06
9 69     6.78740728e-06
9 64     8.33787882e-06
9 66     6.34183739e-06
9 62      5.8804465e-06
9 60     5.75894206e-06
9 58     5.84686305e-06
9 29     5.49747101e-06
9 10     5.73574118e-06
9 3     5.74847811e-06
9 19     5.69623608e-06
9 14     5.95239533e-06
9 17     6.12912046e-06
9 30     6.11790043e-06
9 43     5.76668828e-06
9 57     5.36909352e-06
9 53     6.16631208e-06
9 54     6.42295456e-06
9 89     8.86543379e-06
9 79      1.0033146e-05
9 74     1.11212132e-05
9 72     1.12018646e-05
9 61     1.37414765e-05
9 59     1.45547558e-05
9 56     1.61667032e-05
9 28     3.13473061e-05
9 32     2.79083736e-05
9 40     2.46113127e-05
9 46     2.18789587e-05
9 50     1.93792423e-05
9 55     1.66143837e-05
9 51     6.99227131e-06
9 44     8.05844093e-06
9 39     7.16890977e-06
9 37      8.4383962e-06
9 31     7.85447533e-06
9 21     9.83304167e-06
9 41     1.11450545e-05
9 33     1.10156389e-05
9 36     1.14082466e-05
9 38     1.18688245e-05
9 22     1.31629983e-05
9 65     1.26318766e-05
9 63     1.19340292e-05
9 35     2.94308954e-05
9 47     2.06367725e-05
9 45     1.55513741e-05
9 34     2.23481513e-05
9 20     4.72810258e-05
9 24     2.95799879e-05
9 18     3.75966105e-05
9 16     2.69318154e-05
9 23     2.07871407e-05
9 26     1.68874272e-05
9 27     1.59206631e-05
9 12     3.35896736e-05
9 7     2.80220058e-05
9 15     1.63651182e-05
9 13     1.33972979e-05
9 11     1.30413047e-05
9 8     9.23549008e-06
9 68       4.775493e-06
9 67     4.83897477e-06
9 52     5.00138617e-06
9 42     5.05550111e-06
9 48     4.45584073e-06
9 49     4.82351544e-06
9 25     4.96659257e-06
9 6     4.98732956e-06
9 5     8.83081147e-06
9 4     1.11896082e-05
9 1     7.76594729e-06
9 2     4.47443769e-05
10 90     8.97703362e-06
10 88     9.30078103e-06
10 87     9.47958082e-06
10 81     8.78410579e-06
10 80     1.01807261e-05
10 84     7.72752197e-06
10 83     6.96138636e-06
10 82     6.29438938e-06
10 85     6.41800206e-06
10 86     5.23392191e-06
10 77     6.84360922e-06
10 78     8.83123668e-06
10 76      7.9392769e-06
10 71     7.82232463e-06
10 75      9.6064929e-06
10 73     1.01403328e-05
10 70     9.83768602e-06
10 69     9.90968746e-06
10 64     9.05623393e-06
10 66     1.17915851e-05
10 62     1.38510786e-05
10 60      1.4644397e-05
10 58     1.51728756e-05
10 29     4.12221679e-05
10 3     8.61747135e-05
10 19     8.37145288e-05
10 14     0.000128304206
10 17     6.86010776e-05
10 30     3.43216394e-05
10 43     2.34647676e-05
10 57     1.61621724e-05
10 53     1.83921313e-05
10 54     1.72072322e-05
10 89     4.42890117e-06
10 79     4.84547267e-06
10 74     5.00845451e-06
10 72     4.83950275e-06
10 61     4.89895796e-06
10 59     5.26426697e-06
10 56     5.11074305e-06
10 28     5.12989088e-06
10 32      5.0940943e-06
10 40      5.4611292e-06
10 46     5.51232085e-06
10 50     5.05499476e-06
10 55     5.46329447e-06
10 51     1.62729915e-05
10 44     1.38412569e-05
10 39     1.83417357e-05
10 37     1.42099241e-05
10 31     1.76543632e-05
10 21     1.33381399e-05
10 41     9.74240827e-06
10 33     1.07463801e-05
10 36     9.96219204e-06
10 38      9.4694691e-06
10 22     9.88852109e-06
10 65     5.65164921e-06
10 63     6.52057421e-06
10 35     5.92235527e-06
10 47     6.06029824e-06
10 45     7.41682614e-06
10 34     6.81367677e-06
10 20     6.28258743e-06
10 24     6.71926303e-06
10 18     6.64559059e-06
10 16     7.18876608e-06
10 23     7.66860366e-06
10 26     8.16607746e-06
10 27     8.41421711e-06
10 12     6.89777548e-06
10 9     5.73574118e-06
10 7     7.20405163e-06
10 15      8.7974304e-06
10 13     1.00054737e-05
10 11     1.02299194e-05
10 8     1.50960125e-05
10 68     1.25863935e-05
10 67     1.27827128e-05
10 52     1.87421105e-05
10 42     2.18953515e-05
10 48     1.57403597e-05
10 49     1.88910595e-05
10 25      2.9637604e-05
10 6     3.76274289e-05
10 5     1.62408017e-05
10 4     1.16414673e-05
10 1     2.09837083e-05
10 2     5.13540861e-06
11 90     7.68362998e-06
11 88     6.36556212e-06
11 87     7.07370293e-06
11 81     9.51526809e-06
11 80     7.55420472e-06
11 84     9.64927524e-06
11 83     1.00026785e-05
11 82     9.84634237e-06
11 85     9.62955539e-06
11 86      8.3295468e-06
11 77     1.06968508e-05
11 78     1.00153555e-05
11 76     1.11663624e-05
11 71     1.19060848e-05
11 75     1.03764162e-05
11 73     9.96471265e-06
11 70     1.07820912e-05
11 69     1.07232006e-05
11 64     1.34466082e-05
11 66     1.04265561e-05
11 62     9.69510854e-06
11 60     9.49001557e-06
11 58     9.77094737e-06
11 29     9.45130019e-06
11 10     1.02299194e-05
11 3     1.02048938e-05
11 19     1.01064836e-05
11 14     1.09497813e-05
11 17     1.15600869e-05
11 30     1.13779247e-05
11 43     1.00293858e-05
11 57     8.66881099e-06
11 53     1.09872864e-05
11 54     1.16962051e-05
11 89     6.82699119e-06
11 79     7.84092596e-06
11 74      8.4265399e-06
11 72     8.09225759e-06
11 61     8.63352565e-06
11 59     9.68943314e-06
11 56     9.46589645e-06
11 28     1.01786841e-05
11 32     9.99320376e-06
11 40     1.12069374e-05
11 46     1.12463588e-05
11 50     9.55728473e-06
11 55     1.05716774e-05
11 51     1.36269427e-05
11 44     1.76518629e-05
11 39     1.48597294e-05
11 37     2.05118243e-05
11 31     1.86722513e-05
11 21      3.7537474e-05
11 41     2.63394418e-05
11 33     3.56840847e-05
11 36      3.0670312e-05
11 38     2.89115265e-05
11 22     7.77766416e-05
11 65      1.0331147e-05
11 63     1.25093544e-05
11 35     1.34607785e-05
11 47     1.34191465e-05
11 45     1.96600669e-05
11 34      1.8462134e-05
11 20     1.61602111e-05
11 24     1.89527916e-05
11 18     1.88680977e-05
11 16     2.39700432e-05
11 23     2.88850409e-05
11 26     3.25095162e-05
11 27     3.51987041e-05
11 12     2.11761741e-05
11 9     1.30413047e-05
11 7     2.41234486e-05
11 15     6.20786337e-05
11 13     0.000357383055
11 8     3.10109041e-05
11 68     7.17008834e-06
11 67     7.30698417e-06
11 52     7.92909842e-06
11 42     8.12739411e-06
11 48     6.69928974e-06
11 49     7.53876365e-06
11 25     8.00060095e-06
11 6     8.06087617e-06
11 5     2.66675273e-05
11 4      5.8926652e-05
11 1     1.86470055e-05
11 2      1.0249678e-05
12 90     6.21519852e-06
12 88     5.14484025e-06
12 87     5.67711909e-06
12 81     7.69471328e-06
12 80     5.96576131e-06
12 84     8.27462254e-06
12 83     9.27575241e-06
12 82     1.00635764e-05
12 85     9.52056655e-06
12 86     9.75520648e-06
12 77     1.03026804e-05
12 78     8.06764463e-06
12 76     9.53167897e-06
12 71     1.03429275e-05
12 75     8.07989592e-06
12 73     7.66596718e-06
12 70     8.29128033e-06
12 69      8.2312888e-06
12 64     1.04820448e-05
12 66     7.67986683e-06
12 62     7.06183875e-06
12 60     6.89915601e-06
12 58     7.03037063e-06
12 29     6.57298548e-06
12 10     6.89777548e-06
12 3     6.89554532e-06
12 19     6.85388697e-06
12 14     7.22011629e-06
12 17     7.48808267e-06
12 30     7.48022507e-06
12 43     6.95387991e-06
12 57     6.36496007e-06
12 53     7.52408682e-06
12 54     7.90171663e-06
12 89      8.4645997e-06
12 79     9.84366792e-06
12 74     1.09053691e-05
12 72     1.06582397e-05
12 61      1.2343083e-05
12 59     1.39192166e-05
12 56     1.43448455e-05
12 28     1.89386829e-05
12 32     1.80711519e-05
12 40     2.02890984e-05
12 46     1.94555387e-05
12 50     1.55340214e-05
12 55     1.60368365e-05
12 51     8.77989095e-06
12 44     1.05107106e-05
12 39      9.0915141e-06
12 37      1.1213567e-05
12 31     1.02436509e-05
12 21     1.39025814e-05
12 41     1.60860146e-05
12 33     1.62074641e-05
12 36     1.68315709e-05
12 38     1.76606899e-05
12 22     2.16113393e-05
12 65      1.3410715e-05
12 63     1.42751207e-05
12 35     2.84410608e-05
12 47     2.29615411e-05
12 45     2.31259467e-05
12 34     3.60373498e-05
12 20     5.98913807e-05
12 24     6.17337134e-05
12 18     0.000120817889
12 16     0.000115890055
12 23     5.00800581e-05
12 26     3.17944873e-05
12 27     2.88243063e-05
12 9     3.35896736e-05
12 7      0.00010436978
12 15     3.18284761e-05
12 13     2.21903447e-05
12 11     2.11761741e-05
12 8     1.26260837e-05
12 68     5.53984213e-06
12 67     5.62484145e-06
12 52     5.87010091e-06
12 42     5.94882644e-06
12 48     5.13627157e-06
12 49     5.62972031e-06
12 25     5.82736174e-06
12 6     5.83883252e-06
12 5     1.18627391e-05
12 4     1.64011321e-05
12 1     9.98778664e-06
12 2     1.93981986e-05
13 90     7.69714088e-06
13 88     6.34752651e-06
13 87       7.065332e-06
13 81     9.58710125e-06
13 80     7.54298519e-06
13 84     9.77371119e-06
13 83     1.01916433e-05
13 82     1.00712069e-05
13 85     9.83125159e-06
13 86     8.51721081e-06
13 77     1.09400297e-05
13 78     1.01031333e-05
13 76     1.13572532e-05
13 71     1.21508975e-05
13 75     1.04443584e-05
13 73     1.00025979e-05
13 70     1.08529496e-05
13 69     1.07893866e-05
13 64     1.36758872e-05
13 66     1.04265723e-05
13 62     9.65036465e-06
13 60     9.43463225e-06
13 58      9.7090835e-06
13 29     9.29736446e-06
13 10     1.00054737e-05
13 3      9.9628142e-06
13 19     9.90925048e-06
13 14     1.07023446e-05
13 17     1.12974275e-05
13 30     1.11747427e-05
13 43     9.90362505e-06
13 57     8.59982973e-06
13 53     1.08801132e-05
13 54     1.15929695e-05
13 89       6.958951e-06
13 79      8.0146391e-06
13 74     8.62855893e-06
13 72     8.27939388e-06
13 61     8.84654482e-06
13 59     9.95942734e-06
13 56     9.72130024e-06
13 28     1.04428462e-05
13 32     1.02529116e-05
13 40     1.15556587e-05
13 46     1.16037984e-05
13 50     9.81104801e-06
13 55     1.08934233e-05
13 51     1.35089121e-05
13 44     1.75695992e-05
13 39     1.46530024e-05
13 37     2.03135992e-05
13 31     1.82820837e-05
13 21     3.58381438e-05
13 41     2.74584167e-05
13 33     3.68386821e-05
13 36     3.21278849e-05
13 38     3.05152067e-05
13 22     9.22118768e-05
13 65     1.06335159e-05
13 63     1.29274265e-05
13 35     1.39639883e-05
13 47       1.394035e-05
13 45     2.07680769e-05
13 34     1.94579391e-05
13 20     1.68145343e-05
13 24     1.99368079e-05
13 18     1.97477701e-05
13 16     2.54346323e-05
13 23     3.13040455e-05
13 26     3.57582071e-05
13 27      3.8992778e-05
13 12     2.21903447e-05
13 9     1.33972979e-05
13 7     2.52212199e-05
13 15     7.27870114e-05
13 11     0.000357383055
13 8     2.87985023e-05
13 68     7.12596912e-06
13 67     7.26212514e-06
13 52     7.84691845e-06
13 42     8.03148789e-06
13 48     6.63009338e-06
13 49     7.45663963e-06
13 25     7.88425701e-06
13 6     7.91741446e-06
13 5     2.49909784e-05
13 4      5.0594938e-05
13 1     1.77987691e-05
13 2     1.04484916e-05
14 90      9.4447355e-06
14 88     9.55390204e-06
14 87     9.88033118e-06
14 81     9.35621178e-06
14 80     1.06826482e-05
14 84     8.19270315e-06
14 83     7.35275382e-06
14 82     6.61783174e-06
14 85       6.752583e-06
14 86     5.45646866e-06
14 77     7.22688018e-06
14 78     9.42591031e-06
14 76     8.45020098e-06
14 71     8.32470112e-06
14 75     1.03076321e-05
14 73     1.08897373e-05
14 70     1.05839778e-05
14 69      1.0663679e-05
14 64     9.73595783e-06
14 66     1.27980575e-05
14 62     1.50600834e-05
14 60     1.59115298e-05
14 58     1.65877123e-05
14 29       4.394696e-05
14 10     0.000128304206
14 3     5.88873791e-05
14 19     9.62856861e-05
14 17     0.000146730564
14 30     4.42099366e-05
14 43     2.65030802e-05
14 57     1.72604517e-05
14 53     2.08083099e-05
14 54     1.94907683e-05
14 89     4.58648371e-06
14 79     5.03454729e-06
14 74     5.20976041e-06
14 72      5.0264431e-06
14 61     5.08678223e-06
14 59     5.48268806e-06
14 56     5.31314338e-06
14 28     5.31815171e-06
14 32     5.28180503e-06
14 40     5.68473362e-06
14 46     5.74330484e-06
14 50     5.24811157e-06
14 55     5.69659391e-06
14 51     1.85257263e-05
14 44     1.55138484e-05
14 39     2.13584183e-05
14 37     1.59712112e-05
14 31     2.04470409e-05
14 21     1.47231879e-05
14 41     1.05242531e-05
14 33     1.16809199e-05
14 36     1.07705747e-05
14 38     1.01978056e-05
14 22     1.06175719e-05
14 65      5.9087869e-06
14 63     6.86756709e-06
14 35     6.18293123e-06
14 47     6.34347461e-06
14 45     7.85282368e-06
14 34     7.16471593e-06
14 20     6.55965532e-06
14 24     7.04643575e-06
14 18      6.9530812e-06
14 16      7.5503092e-06
14 23     8.09535798e-06
14 26      8.6689531e-06
14 27     8.95139914e-06
14 12     7.22011629e-06
14 9     5.95239533e-06
14 7     7.54258718e-06
14 15     9.33497033e-06
14 13     1.07023446e-05
14 11     1.09497813e-05
14 8     1.65852579e-05
14 68     1.29602001e-05
14 67     1.32090428e-05
14 52     1.91983138e-05
14 42     2.22386013e-05
14 48     1.52673084e-05
14 49     1.88195963e-05
14 25     2.73474499e-05
14 6      2.9541639e-05
14 5     1.78987851e-05
14 4     1.24756207e-05
14 1     2.32680191e-05
14 2     5.30192258e-06
15 90      7.2724492e-06
15 88      5.9700389e-06
15 87     6.64108132e-06
15 81     9.11926752e-06
15 80     7.05465873e-06
15 84     9.52100441e-06
15 83      1.0235744e-05
15 82     1.04375712e-05
15 85     1.00709116e-05
15 86     9.09342651e-06
15 77     1.11733333e-05
15 78      9.6148203e-06
15 76     1.11238196e-05
15 71     1.20309229e-05
15 75     9.81409978e-06
15 73     9.33447988e-06
15 70     1.01607387e-05
15 69     1.00908333e-05
15 64     1.30509447e-05
15 66     9.56350469e-06
15 62     8.78263837e-06
15 60     8.57239294e-06
15 58     8.78965888e-06
15 29     8.27479808e-06
15 10      8.7974304e-06
15 3     8.76540132e-06
15 19     8.73476331e-06
15 14     9.33497033e-06
15 17     9.79150932e-06
15 30     9.75113084e-06
15 43     8.82161013e-06
15 57     7.82557166e-06
15 53     9.66950274e-06
15 54       1.026433e-05
15 89     7.47244976e-06
15 79     8.67259861e-06
15 74     9.42694774e-06
15 72     9.06028936e-06
15 61      9.8589218e-06
15 59     1.11870807e-05
15 56     1.09976549e-05
15 28     1.21724637e-05
15 32     1.19015699e-05
15 40     1.35703226e-05
15 46     1.35611941e-05
15 50     1.12161904e-05
15 55     1.24283316e-05
15 51     1.17745881e-05
15 44     1.49511912e-05
15 39     1.24984779e-05
15 37     1.66822655e-05
15 31     1.49246323e-05
15 21     2.45475596e-05
15 41     2.52100115e-05
15 33     2.91648003e-05
15 36     2.84299279e-05
15 38     2.87906033e-05
15 22     6.02670914e-05
15 65     1.17643535e-05
15 63     1.40779898e-05
15 35      1.7039251e-05
15 47     1.66150064e-05
15 45     2.46191721e-05
15 34     2.52186469e-05
15 20      2.1846981e-05
15 24     2.70956957e-05
15 18     2.70935431e-05
15 16     3.90456185e-05
15 23     5.18946634e-05
15 26     5.22589955e-05
15 27     5.39433505e-05
15 12     3.18284761e-05
15 9     1.63651182e-05
15 7     3.73972284e-05
15 13     7.27870114e-05
15 11     6.20786337e-05
15 8     2.06804395e-05
15 68     6.59580331e-06
15 67     6.71436365e-06
15 52     7.14800061e-06
15 42     7.28392406e-06
15 48     6.10661268e-06
15 49     6.80918612e-06
15 25     7.13030821e-06
15 6     7.14079615e-06
15 5      1.8657813e-05
15 4     3.14861636e-05
15 1     1.43484134e-05
15 2      1.2129826e-05
16 90     6.56664624e-06
16 88     5.37732461e-06
16 87     5.96546171e-06
16 81     8.24127651e-06
16 80     6.28387173e-06
16 84     8.89604141e-06
16 83     1.00168966e-05
16 82     1.08420179e-05
16 85      1.0245451e-05
16 86     1.02400204e-05
16 77     1.11937781e-05
16 78     8.67023799e-06
16 76     1.03637095e-05
16 71     1.13198334e-05
16 75     8.68530302e-06
16 73     8.20719199e-06
16 70      8.9297031e-06
16 69     8.85994351e-06
16 64     1.15217551e-05
16 66     8.21446902e-06
16 62     7.49816912e-06
16 60     7.31010913e-06
16 58     7.45542706e-06
16 29     6.88073591e-06
16 10     7.18876608e-06
16 3     7.15880636e-06
16 19     7.16715934e-06
16 14      7.5503092e-06
16 17     7.85662935e-06
16 30     7.89282679e-06
16 43     7.33591293e-06
16 57     6.70301447e-06
16 53      7.9958828e-06
16 54      8.4300649e-06
16 89     8.63858471e-06
16 79     1.01546887e-05
16 74      1.1271928e-05
16 72     1.09194387e-05
16 61     1.24820244e-05
16 59     1.43396379e-05
16 56     1.44845978e-05
16 28     1.76626621e-05
16 32     1.70545928e-05
16 40     2.00452762e-05
16 46     1.96105129e-05
16 50     1.53058129e-05
16 55     1.65764052e-05
16 51     9.43840229e-06
16 44     1.14822285e-05
16 39     9.76882543e-06
16 37     1.22879692e-05
16 31     1.10712703e-05
16 21     1.53409518e-05
16 41     1.86392502e-05
16 33     1.86205888e-05
16 36      1.9591443e-05
16 38     2.07857579e-05
16 22     2.55899266e-05
16 65     1.42434189e-05
16 63     1.57715938e-05
16 35     2.85597312e-05
16 47     2.46728799e-05
16 45     2.82544689e-05
16 34     4.51509745e-05
16 20     4.95986311e-05
16 24      7.5458882e-05
16 18     8.79013498e-05
16 23     8.76458666e-05
16 26       4.368521e-05
16 27     3.81377855e-05
16 12     0.000115890055
16 9     2.69318154e-05
16 7     7.47645478e-05
16 15     3.90456185e-05
16 13     2.54346323e-05
16 11     2.39700432e-05
16 8     1.35203381e-05
16 68     5.79860558e-06
16 67      5.8921303e-06
16 52     6.14101034e-06
16 42      6.2190013e-06
16 48     5.33440086e-06
16 49     5.87240979e-06
16 25     6.06337749e-06
16 6     6.04097264e-06
16 5     1.26276718e-05
16 4     1.76323095e-05
16 1     1.04987805e-05
16 2     1.68650832e-05
17 90     9.93462528e-06
17 88     9.82828589e-06
17 87      1.0303137e-05
17 81     9.94974446e-06
17 80     1.12119559e-05
17 84     8.66441981e-06
17 83       7.739661e-06
17 82     6.93007171e-06
17 85     7.07831777e-06
17 86     5.66458831e-06
17 77     7.60115264e-06
17 78     1.00417006e-05
17 76     8.96432783e-06
17 71     8.82535063e-06
17 75     1.10424855e-05
17 73     1.16825194e-05
17 70     1.13679971e-05
17 69     1.14569372e-05
17 64     1.04277139e-05
17 66      1.3885579e-05
17 62     1.63773615e-05
17 60      1.7287439e-05
17 58     1.81376221e-05
17 29      4.4088201e-05
17 10     6.86010776e-05
17 3      4.3085528e-05
17 19     7.94952292e-05
17 14     0.000146730564
17 30     5.84164027e-05
17 43     2.97981794e-05
17 57      1.8400296e-05
17 53     2.36093494e-05
17 54     2.21527864e-05
17 89      4.7302803e-06
17 79      5.2079115e-06
17 74     5.39362634e-06
17 72     5.19601076e-06
17 61     5.25439488e-06
17 59     5.67922189e-06
17 56     5.49280498e-06
17 28     5.47776403e-06
17 32     5.44183746e-06
17 40     5.87969498e-06
17 46     5.94645775e-06
17 50       5.416767e-06
17 55     5.90552741e-06
17 51     2.11493387e-05
17 44       1.733749e-05
17 39     2.49941023e-05
17 37     1.78570439e-05
17 31     2.36043686e-05
17 21     1.60258514e-05
17 41     1.12807399e-05
17 33     1.25758413e-05
17 36     1.15451546e-05
17 38     1.08914675e-05
17 22     1.12692109e-05
17 65     6.14535489e-06
17 63     7.19384226e-06
17 35     6.40967164e-06
17 47     6.59586551e-06
17 45     8.25340283e-06
17 34     7.47539871e-06
17 20     6.79378111e-06
17 24     7.32852663e-06
17 18     7.21224117e-06
17 16     7.85662935e-06
17 23     8.46564423e-06
17 26     9.11733713e-06
17 27     9.43311353e-06
17 12     7.48808267e-06
17 9     6.12912046e-06
17 7     7.81856799e-06
17 15     9.79150932e-06
17 13     1.12974275e-05
17 11     1.15600869e-05
17 8     1.78005621e-05
17 68     1.33553498e-05
17 67     1.36562751e-05
17 52     1.96018535e-05
17 42     2.24481579e-05
17 48      1.4912493e-05
17 49     1.87467556e-05
17 25     2.54040111e-05
17 6     2.49496536e-05
17 5     1.92018242e-05
17 4      1.3131904e-05
17 1     2.46637175e-05
17 2     5.43477732e-06
18 90     6.21740695e-06
18 88     5.11229256e-06
18 87     5.65384804e-06
18 81     7.74869788e-06
18 80     5.93438299e-06
18 84     8.42449112e-06
18 83     9.58630291e-06
18 82     1.05854892e-05
18 85     9.94568505e-06
18 86     1.04718403e-05
18 77      1.0740361e-05
18 78     8.13089178e-06
18 76     9.73397334e-06
18 71     1.06112641e-05
18 75      8.1021708e-06
18 73     7.65985236e-06
18 70     8.30528462e-06
18 69     8.24109882e-06
18 64     1.05889562e-05
18 66      7.6219466e-06
18 62     6.97073119e-06
18 60     6.80011575e-06
18 58     6.92247255e-06
18 29     6.38483488e-06
18 10     6.64559059e-06
18 3     6.62293089e-06
18 19     6.62741507e-06
18 14      6.9530812e-06
18 17     7.21224117e-06
18 30     7.24981808e-06
18 43     6.78895368e-06
18 57     6.25934969e-06
18 53     7.36646596e-06
18 54     7.73916168e-06
18 89     9.08464064e-06
18 79     1.06666155e-05
18 74     1.19284835e-05
18 72     1.16615591e-05
18 61     1.37441293e-05
18 59     1.56808465e-05
18 56     1.62749756e-05
18 28     2.19181533e-05
18 32     2.08841289e-05
18 40     2.43662716e-05
18 46     2.31863593e-05
18 50     1.77965153e-05
18 55     1.84197725e-05
18 51     8.58099547e-06
18 44     1.02488588e-05
18 39     8.82821655e-06
18 37     1.08499585e-05
18 31     9.85689856e-06
18 21     1.30690421e-05
18 41     1.58305271e-05
18 33     1.55395749e-05
18 36     1.63774525e-05
18 38     1.73363729e-05
18 22     1.98680229e-05
18 65     1.48462447e-05
18 63     1.54513403e-05
18 35     3.71822927e-05
18 47     2.78444577e-05
18 45     2.49387949e-05
18 34      4.4797946e-05
18 20     0.000110617503
18 24     0.000100928227
18 16     8.79013498e-05
18 23       4.623875e-05
18 26      3.0656775e-05
18 27     2.76011196e-05
18 12     0.000120817889
18 9     3.75966105e-05
18 7     5.59989327e-05
18 15     2.70935431e-05
18 13     1.97477701e-05
18 11     1.88680977e-05
18 8      1.1734022e-05
18 68     5.46933792e-06
18 67     5.55286183e-06
18 52     5.75402717e-06
18 42     5.81788244e-06
18 48     5.03577386e-06
18 49     5.51420954e-06
18 25     5.67411781e-06
18 6     5.65299892e-06
18 5     1.10591691e-05
18 4     1.47846548e-05
18 1     9.39606036e-06
18 2     2.04318909e-05
19 90     1.00058027e-05
19 88     1.04507028e-05
19 87     1.06859585e-05
19 81     9.60957453e-06
19 80     1.15755429e-05
19 84     8.29644784e-06
19 83      7.3536625e-06
19 82     6.57002103e-06
19 85     6.72685814e-06
19 86     5.39346143e-06
19 77     7.17942089e-06
19 78     9.62877936e-06
19 76     8.46246359e-06
19 71     8.28410508e-06
19 75      1.0570481e-05
19 73     1.12909573e-05
19 70     1.08258284e-05
19 69     1.09221313e-05
19 64     9.67917413e-06
19 66     1.34005515e-05
19 62       1.638057e-05
19 60     1.75804483e-05
19 58     1.82995355e-05
19 29     7.87138816e-05
19 10     8.37145288e-05
19 3     4.24634073e-05
19 14     9.62856861e-05
19 17     7.94952292e-05
19 30     5.05870642e-05
19 43     3.22154149e-05
19 57     2.00228085e-05
19 53     2.27717934e-05
19 54     2.06651519e-05
19 89     4.52651617e-06
