0 90 estaciones_meteo OBJECTID
1 37         49197.4637
1 10          47656.019
1 14         42977.4444
1 31         38956.8048
1 3         45363.1484
1 8         21598.8952
1 4         39407.3798
1 5         16226.0362
1 21         37888.9291
1 17         40545.3882
2 7          56113.742
2 40         52556.0045
2 24         55884.8197
2 18         48943.0961
2 32         39647.0005
2 12         51551.1786
2 35         51395.5514
2 20         43077.1493
2 9          22349.177
2 28         35418.7264
3 43         54018.3727
3 1         45363.1484
3 29         35729.3257
3 6         27663.7554
3 25         42612.4166
3 17         23209.6494
3 14         16981.5674
3 19         23549.6882
3 10         11604.3322
3 30         39591.9953
4 36         44935.2969
4 1         39407.3798
4 13         19764.8231
4 15         31759.9824
4 33         38241.1782
4 11         16970.2497
4 22         28366.9832
4 5         24329.7422
4 8         19980.0621
4 21         25935.4032
5 33         44464.6604
5 22         44249.2636
5 13         40014.4397
5 21          23699.271
5 37         41020.2404
5 11         37498.7898
5 4         24329.7422
5 1         16226.0362
5 8         5384.13243
5 31          34841.356
6 30         49943.0409
6 42         47045.7648
6 49         49936.4957
6 14         33850.5254
6 29         34860.5584
6 17         40080.7168
6 19         30436.8755
6 25         26723.5802
6 10         26576.3574
6 3         27663.7554
7 34         35341.1282
7 27         35160.5478
7 24         24914.2453
7 15         26739.9495
7 26         32598.4029
7 18         17857.4832
7 12          9581.3175
7 23         21975.0186
7 16         13375.3233
7 20         26068.9763
8 33         39744.9609
8 37         39036.6624
8 13          34724.028
8 11         32246.7219
8 22          38877.642
8 4         19980.0621
8 5         5384.13243
8 21         19416.7948
8 1         21598.8952
8 31         34663.4353
9 16         37130.8055
9 32         35831.5399
9 35         33977.8993
9 24           33806.64
9 7         35686.2392
9 12         29771.0544
9 2          22349.177
9 18         26598.1424
9 20         21150.1334
9 28         31900.6679
10 42         45671.7948
10 43         42617.0852
10 29         24258.7921
10 6         26576.3574
10 25         33740.9191
10 17         14577.0305
10 14         7793.97678
10 19         11945.3578
10 3         11604.3322
10 30         29136.1374
11 36         32604.8199
11 8         32246.7219
11 33         28023.6976
11 21         26640.0451
11 26          30760.224
11 13         2798.11812
11 4         16970.2497
11 15          16108.602
11 22         12857.3307
11 27         28410.1368
12 26         31451.9933
12 15         31418.4065
12 9         29771.0544
12 20         16696.8934
12 34         27748.9883
12 18         8276.92002
12 24         16198.6044
12 16         8628.86812
12 7          9581.3175
12 23          19968.028
13 23         31944.7529
13 36         31125.6095
13 33         27145.3793
13 21         27903.2309
13 26         27965.6079
13 4         19764.8231
13 22           10844.59
13 15         13738.7149
13 11         2798.11812
13 27         25645.7747
14 1         42977.4444
14 43         37731.4634
14 30         22619.3493
14 29         22754.7025
14 25         36566.4807
14 17         6815.21269
14 19         10385.7597
14 3         16981.5674
14 10         7793.97678
14 6         33850.5254
15 4         31759.9824
15 7         26739.9495
15 12         31418.4065
15 26         19135.4616
15 16         25611.0683
15 13         13738.7149
15 11          16108.602
15 27          18537.966
15 23         19269.8042
15 22         16592.8034
16 27         26220.7149
16 15         25611.0683
16 20         20161.8468
16 26         22891.0425
16 7         13375.3233
16 24         13252.2504
16 23         11409.5512
16 34         22147.9162
16 18         11376.3896
16 12         8628.86812
17 6         40080.7168
17 39         40009.4385
17 30         17118.4796
17 43         33559.0973
17 25         39363.8625
17 14         6815.21269
17 19         12579.3712
17 3         23209.6494
17 10         14577.0305
17 29         22681.8055
18 26         32619.2171
18 35         26894.5223
18 23         21626.8822
18 34          22322.452
18 9         26598.1424
18 24         9908.03093
18 20         9040.16067
18 7         17857.4832
18 16         11376.3896
18 12         8276.92002
19 42         34764.6519
19 43         31041.0405
19 29         12704.2394
19 3         23549.6882
19 6         30436.8755
19 17         12579.3712
19 14         10385.7597
19 30         19767.8995
19 10         11945.3578
19 25         26870.5798
20 47         31738.9854
20 7         26068.9763
20 23         29381.5943
20 34         23704.8283
20 9         21150.1334
20 24         12827.8632
20 35         20068.0012
20 16         20161.8468
20 18         9040.16067
20 12         16696.8934
21 36         29283.5183
21 13         27903.2309
21 31          26931.902
21 22         26348.4217
21 11         26640.0451
21 4         25935.4032
21 37         24283.5498
21 33         21052.0317
21 8         19416.7948
21 5          23699.271
22 21         26348.4217
22 38         21940.1401
22 41         25777.2992
22 33         17982.0851
22 26         21856.4152
22 15         16592.8034
22 36         20602.4468
22 11         12857.3307
22 13           10844.59
22 27         18611.1174
23 45         27164.1787
23 7         21975.0186
23 15         19269.8042
23 34         20624.7294
23 18         21626.8822
23 24         18456.3443
23 26          11487.019
23 16         11409.5512
23 27         14836.9265
23 12          19968.028
24 47         27690.0885
24 26         27499.2904
24 23         18456.3443
24 35         22033.8464
24 7         24914.2453
24 20         12827.8632
24 34         12429.2952
24 16         13252.2504
24 18         9908.03093
24 12         16198.6044
25 43         37953.4644
25 14         36566.4807
25 52         28770.1436
25 48         29960.3633
25 10         33740.9191
25 19         26870.5798
25 49         23282.9703
25 6         26723.5802
25 42         20919.0716
25 29         19873.3031
26 13         27965.6079
26 38         25239.5008
26 24         27499.2904
26 16         22891.0425
26 34         24538.1095
26 27         3774.57521
26 23          11487.019
26 15         19135.4616
26 45         21483.3844
26 22         21856.4152
27 41         27481.6777
27 16         26220.7149
27 38          21939.433
27 36         24878.3231
27 13         25645.7747
27 26         3774.57521
27 23         14836.9265
27 22         18611.1174
27 45         22723.7184
27 15          18537.966
28 55         40030.7422
28 20         36588.3458
28 56         35779.6101
28 9         31900.6679
28 2         35418.7264
28 46         26673.6083
28 40          20743.639
28 32         4317.36262
28 50         22910.0307
28 35         28512.4864
29 49         30701.9697
29 52         29410.3831
29 14         22754.7025
29 43         22293.1527
29 10         24258.7921
29 17         22681.8055
29 19         12704.2394
29 25         19873.3031
29 30         19192.5269
29 42         22224.9892
30 51         33778.4212
30 10         29136.1374
30 14         22619.3493
30 53         25438.6287
30 39         29100.7412
30 17         17118.4796
30 29         19192.5269
30 19         19767.8995
30 43         17484.4131
30 54         29001.7071
31 53         37930.4649
31 30         36910.2519
31 54         33262.1901
31 51         22943.4393
31 5          34841.356
31 21          26931.902
31 37         13826.3806
31 39         14375.0292
31 44         18179.6136
31 8         34663.4353
32 47         38860.0374
32 20         38857.7827
32 56          31817.372
32 55         36876.0289
32 9         35831.5399
32 28         4317.36262
32 46         24242.6633
32 40         18619.7364
32 50          18749.697
32 35         28525.6617
33 26         32198.2344
33 27         28434.6787
33 21         21052.0317
33 37           27875.28
33 11         28023.6976
33 38         13232.8424
33 36         8232.36011
33 22         17982.0851
33 41         12841.4317
33 13         27145.3793
34 12         27748.9883
34 26         24538.1095
34 20         23704.8283
34 16         22147.9162
34 35         22435.3544
34 24         12429.2952
34 23         20624.7294
34 45         19722.0979
34 47         20533.4473
34 18          22322.452
35 32         28525.6617
35 28         28512.4864
35 55         28272.8808
35 34         22435.3544
35 18         26894.5223
35 24         22033.8464
35 20         20068.0012
35 40         15017.1958
35 47         14779.9435
35 46         16243.1777
36 37         32934.5252
36 11         32604.8199
36 21         29283.5183
36 27         24878.3231
36 13         31125.6095
36 41         5422.05164
36 22         20602.4468
36 33         8232.36011
36 38         5235.53894
36 26         28440.3984
37 38          37771.443
37 54         37515.8563
37 36         32934.5252
37 33           27875.28
37 41         33672.0176
37 21         24283.5498
37 31         13826.3806
37 39         21323.5866
37 44          8763.8807
37 51          24985.287
38 11         34588.2808
38 13         32770.5465
38 21         34214.5747
38 22         21940.1401
38 45         29424.4613
38 41         5542.94146
38 36         5235.53894
38 27          21939.433
38 33         13232.8424
38 26         25239.5008
39 62         38487.0402
39 58         36109.2707
39 53         23747.5857
39 37         21323.5866
39 43         34123.2308
39 44         19036.8226
39 31         14375.0292
39 54         18894.3472
39 51         10059.1948
39 30         29100.7412
40 61         32941.2096
40 59         28279.9867
40 56         21643.6453
40 55         20576.3035
40 47         20785.5596
40 28          20743.639
40 46         6090.75775
40 32         18619.7364
40 50         15494.9448
40 35         15017.1958
41 44         36410.8002
41 37         33672.0176
41 21         33545.2029
41 27         27481.6777
41 45         33328.8623
41 38         5542.94146
41 36         5422.05164
41 22         25777.2992
41 33         12841.4317
41 26         30774.2262
42 68          35288.257
42 19         34764.6519
42 67         34707.4471
42 48         26770.7018
42 57         26986.0833
42 52         8234.57406
42 49         9613.83711
42 25         20919.0716
42 43         25205.6429
42 29         22224.9892
43 62         30372.0981
43 52          26556.316
43 58         23844.7351
43 29         22293.1527
43 60         25892.1267
43 54         23074.1627
43 57         21057.7462
43 53         16346.9224
43 30         17484.4131
43 42         25205.6429
44 53         38463.6658
44 36         36927.8701
44 21         32945.3473
44 33          33444.769
44 41         36410.8002
44 51         19079.5036
44 31         18179.6136
44 37          8763.8807
44 39         19036.8226
44 54         31709.6365
45 36         34572.3597
45 41         33328.8623
45 24         30881.2833
45 63         30534.2683
45 47         31128.1403
45 27         22723.7184
45 23         27164.1787
45 34         19722.0979
45 26         21483.3844
45 38         29424.4613
46 61         29667.6224
46 32         24242.6633
46 28         26673.6083
46 59         23012.9564
46 47         17039.9118
46 56         18319.6352
46 55         14729.8581
46 40         6090.75775
46 50         16458.9789
46 35         16243.1777
47 20         31738.9854
47 56         31275.4396
47 24         27690.0885
47 34         20533.4473
47 45         31128.1403
47 40         20785.5596
47 55         20302.2653
47 46         17039.9118
47 35         14779.9435
47 59         29460.0076
48 6         52907.7755
48 43         51875.2971
48 67         42523.8815
48 68         41238.9495
48 57         47771.7375
48 52         26970.0872
48 49         17658.3507
48 25         29960.3633
48 42         26770.7018
48 29         44712.5994
49 19          42774.776
49 43         34303.6375
49 67         32951.7056
49 68         32764.3813
49 57         31653.2691
49 52          9994.1612
49 25         23282.9703
49 48         17658.3507
49 42         9613.83711
49 29         30701.9697
50 47         33359.5077
50 35         30509.4355
50 28         22910.0307
50 61          22157.013
50 59         24853.6748
50 46         16458.9789
50 56         13475.6039
50 40         15494.9448
50 32          18749.697
50 55         22177.0066
51 60         31990.7568
51 62         30132.9571
51 31         22943.4393
51 37          24985.287
51 66         29487.4239
51 54         12677.0074
51 53         19394.9516
51 44         19079.5036
51 39         10059.1948
51 58         28971.3133
52 60         37503.9119
52 29         29410.3831
52 67         26498.5613
52 68         27054.1059
52 25         28770.1436
52 49          9994.1612
52 57         21684.8383
52 48         26970.0872
52 42         8234.57406
52 43          26556.316
53 66         30740.3797
53 30         25438.6287
53 57         24383.8931
53 43         16346.9224
53 39         23747.5857
53 58         14256.2033
53 62         19160.2562
53 54         7161.10047
53 60         17470.3375
53 51         19394.9516
54 57         30563.6047
54 30         29001.7071
54 62         20052.6356
54 43         23074.1627
54 66         26877.4501
54 58         17215.6683
54 51         12677.0074
54 53         7161.10047
54 39         18894.3472
54 60         20432.1254
55 74         30155.8295
55 35         28272.8808
55 46         14729.8581
55 61         21398.2133
55 65         22329.0685
55 56         13142.7447
55 59         9486.68588
55 40         20576.3035
55 47         20302.2653
55 50         22177.0066
56 32          31817.372
56 47         31275.4396
56 46         18319.6352
56 40         21643.6453
56 74         30080.5112
56 55         13142.7447
56 59         11883.5184
56 61         11385.5236
56 50         13475.6039
56 72         27664.8775
57 54         30563.6047
57 42         26986.0833
57 58         17206.4887
57 53         24383.8931
57 68         24264.7353
57 60         16185.9802
57 52         21684.8383
57 43         21057.7462
57 67         21793.7992
57 62         21931.1903
58 67         35640.9888
58 80         35453.7164
58 57         17206.4887
58 43         23844.7351
58 51         28971.3133
58 60         3274.65189
58 53         14256.2033
58 54         17215.6683
58 62         6575.99042
58 66         24254.1713
59 47         29460.0076
59 40         28279.9867
59 46         23012.9564
59 74         21214.2019
59 50         24853.6748
59 55         9486.68588
59 56         11883.5184
59 61         14508.6083
59 72         21981.9621
59 65         20250.7236
60 67         33176.7079
60 80         32292.1643
60 57         16185.9802
60 43         25892.1267
60 51         31990.7568
60 58         3274.65189
60 53         17470.3375
60 54         20432.1254
60 62         5819.74441
60 66         24440.5656
61 65         33226.5728
61 40         32941.2096
61 46         29667.6224
61 50          22157.013
61 79         30642.1293
61 55         21398.2133
61 56         11385.5236
61 59         14508.6083
61 72         18293.6154
61 74         23202.7007
62 80         31415.1788
62 73          31385.926
62 57         21931.1903
62 43         30372.0981
62 51         30132.9571
62 58         6575.99042
62 60         5819.74441
62 53         19160.2562
62 54         20052.6356
62 66         18650.7657
63 71           42495.33
63 34         42479.8862
63 86         40508.3283
63 45         30534.2683
63 55         40697.2567
63 65         24815.5366
63 77          32070.668
63 82         30042.8031
63 47         36830.8065
63 85         36967.1725
64 77         36030.6345
64 81         34619.6098
64 75         29837.4728
64 78         28570.8077
64 83         33760.2526
64 69         28570.9392
64 71          17424.978
64 76         17335.1701
64 70         27433.0022
64 84         29343.8388
65 61         33226.5728
65 47          31862.101
65 56         31869.1881
65 55         22329.0685
65 79         30860.7536
65 74         22839.8678
65 63         24815.5366
65 59         20250.7236
65 72          29786.315
65 86         28312.9232
66 81         29810.4766
66 51         29487.4239
66 54         26877.4501
66 58         24254.1713
66 60         24440.5656
66 75          21638.587
66 69         19624.5248
66 70         20784.8626
66 73         14002.2134
66 62         18650.7657
67 58         35640.9888
67 42         34707.4471
67 49         32951.7056
67 80         32178.2429
67 87         34587.8922
67 52         26498.5613
67 68         2786.36717
67 57         21793.7992
67 60         33176.7079
67 88         29422.0257
68 58          38401.833
68 60         35955.2767
68 49         32764.3813
68 42          35288.257
68 87          35644.488
68 52         27054.1059
68 67         2786.36717
68 57         24264.7353
68 80         33863.5247
68 88         28654.1992
69 62         38250.1946
69 76          32984.999
69 64         28570.9392
69 78         12323.5038
69 84         29550.9918
69 75         3625.26371
69 70          1250.4887
69 73         9844.21683
69 81         14104.2567
69 66         19624.5248
70 71         38658.2122
70 76         31746.2881
70 64         27433.0022
70 78         11624.6194
70 84          28557.443
70 75         3690.27438
70 69          1250.4887
70 73         11029.5886
70 66         20784.8626
70 81           13923.68
71 75         39723.7605
71 70         38658.2122
71 85         27978.4148
71 78          34345.384
71 82          31964.623
71 83         17283.5456
71 76         9000.38938
71 77         18869.7453
71 64          17424.978
71 84         24652.6905
72 50         40143.9562
72 86          32878.441
72 55         31468.2664
72 59         21981.9621
72 65          29786.315
72 79         12548.8761
72 56         27664.8775
72 74         8574.42768
72 61         18293.6154
72 89          24325.645
73 60         37167.3907
73 62          31385.926
73 84         35952.8767
73 78         17849.7265
73 90          30511.881
73 75         9707.32713
73 69         9844.21683
73 70         11029.5886
73 66         14002.2134
73 81         15906.2295
74 50         43398.2403
74 89         27807.2716
74 55         30155.8295
74 61         23202.7007
74 86         25187.7007
74 79         9951.63796
74 56         30080.5112
74 59         21214.2019
74 72         8574.42768
74 65         22839.8678
75 90         37600.3237
75 76         32261.6925
75 84         27181.0377
75 73         9707.32713
75 64         29837.4728
75 69         3625.26371
75 70         3690.27438
75 78         9341.75471
75 81         10490.4729
75 66          21638.587
76 75         32261.6925
76 70         31746.2881
76 83         17855.4902
76 78         25954.8322
76 85         31578.3497
76 84         15969.2397
76 71         9000.38938
76 77         24572.8478
76 64         17335.1701
76 81         31480.3341
77 78         49944.5525
77 86         49375.4591
77 71         18869.7453
77 64         36030.6345
77 84         35198.8501
77 85         10701.4452
77 82         13095.0401
77 76         24572.8478
77 83         12657.4946
77 63          32070.668
78 71          34345.384
78 66         30846.8265
78 84         18120.2424
78 76         25954.8322
78 64         28570.8077
78 75         9341.75471
78 69         12323.5038
78 70         11624.6194
78 73         17849.7265
78 81         6107.21295
79 50         52049.3717
79 59         31030.9937
79 55         40086.8398
79 61         30642.1293
79 65         30860.7536
79 72         12548.8761
79 56          39053.335
79 74         9951.63796
79 89         19501.1472
79 86         22803.6774
80 66         37421.6345
80 57         36899.4205
80 60         32292.1643
80 58         35453.7164
80 68         33863.5247
80 62         31415.1788
80 87         9092.84779
80 88         28020.1851
80 90         20100.5564
80 67         32178.2429
81 90         34696.6948
81 76         31480.3341
81 64         34619.6098
81 66         29810.4766
81 84         21398.1556
81 73         15906.2295
81 70           13923.68
81 69         14104.2567
81 75         10490.4729
81 78         6107.21295
82 64         49053.7051
82 84         45820.9445
82 76          37236.315
82 86         36840.6296
82 65         43483.7278
82 63         30042.8031
82 85           8396.308
82 83         22013.1995
82 77         13095.0401
82 71          31964.623
83 81         44687.0722
83 63         44665.6737
83 64         33760.2526
83 71         17283.5456
83 78         40290.4496
83 82         22013.1995
83 77         12657.4946
83 85         14734.8789
83 76         17855.4902
83 84         23807.7451
84 77         35198.8501
84 69         29550.9918
84 64         29343.8388
84 83         23807.7451
84 70          28557.443
84 75         27181.0377
84 81         21398.1556
84 76         15969.2397
84 78         18120.2424
84 71         24652.6905
85 65         51851.1205
85 64         45403.3279
85 84         38295.7031
85 76         31578.3497
85 86         43981.2008
85 82           8396.308
85 71         27978.4148
85 83         14734.8789
85 77         10701.4452
85 63         36967.1725
86 55            47862.2
86 85         43981.2008
86 82         36840.6296
86 59         41499.5202
86 63         40508.3283
86 74         25187.7007
86 72          32878.441
86 89         38184.3229
86 79         22803.6774
86 65         28312.9232
87 66         46078.7782
87 58         44153.2784
87 60         40938.5471
87 68          35644.488
87 57         43673.6976
87 80         9092.84779
87 67         34587.8922
87 88         21805.7763
87 90         22332.9519
87 62         40400.4346
88 52          55705.862
88 58         55476.2068
88 57         47860.2383
88 68         28654.1992
88 62         53957.8434
88 80         28020.1851
88 67         29422.0257
88 87         21805.7763
88 90         44002.3211
88 60         52267.0632
89 50         62161.8277
89 65         50166.1647
89 55         55788.4092
89 61         40161.3675
89 59         46303.9737
89 56          50951.524
89 74         27807.2716
89 72          24325.645
89 79         19501.1472
89 86         38184.3229
90 78         40487.1365
90 70         40453.0811
90 66         35323.7989
90 69         39496.9121
90 62         39616.4148
90 80         20100.5564
90 81         34696.6948
90 87         22332.9519
90 73          30511.881
90 75         37600.3237
